0.2256 1.9855 2.0137 2.1279 2.304 2.4608 2.6244 2.7834 2.8196 
0.7501 1.6581 1.7812 1.9561 1.9767 2.112 2.3236 2.4406 2.4547 
1.1801 1.5682 1.8295 2.0529 2.1613 2.1901 2.1928 2.3461 2.3753 
1.1145 1.445 1.8465 2.1457 2.2521 2.2773 2.2853 2.3788 2.3988 
1.3273 1.343 1.5112 2.0549 2.1452 2.2318 2.2488 2.2518 2.2581 
1.295 1.3771 1.5529 2.0786 2.1472 2.164 2.1835 2.2617 2.2723 
1.2742 1.2846 1.4349 1.939 2.1026 2.1381 2.1896 2.2191 2.244 
1.2236 1.3155 1.4179 1.887 2.0507 2.1262 2.1545 2.1546 2.2088 
1.1014 1.5266 1.5575 1.7949 2.0924 2.1338 2.1571 2.2094 2.2569 
1.1401 1.4836 1.6133 1.7765 2.1099 2.1585 2.1782 2.1947 2.2269 
1.0103 1.5388 1.7386 1.7558 1.8694 2.0416 2.1147 2.1591 2.2143 
0.9929 1.5312 1.7921 1.7929 1.8559 1.9899 2.1118 2.1556 2.1585 
0.9517 1.56 1.7685 1.7933 1.8752 2.0066 2.0167 2.1085 2.1165 
1.0247 1.5084 1.6599 1.7165 1.8463 1.9187 1.9685 2.0488 2.1039 
1.0515 1.4317 1.5794 1.7415 1.8393 2.0531 2.0599 2.1094 2.1107 
0.9535 1.4267 1.6357 1.7254 1.8802 1.9059 2.0274 2.0882 2.1189 
0.8544 1.4581 1.6911 1.6977 1.8031 1.9754 2.1187 2.1188 2.1293 
0.8906 1.5101 1.6659 1.7244 1.8652 2.0649 2.1158 2.1541 2.1963 
1.1405 1.3069 1.5531 1.6981 1.8667 1.9126 2.0249 2.0696 2.1214 
1.1763 1.3 1.5814 1.7589 1.791 1.8979 2.0273 2.0373 2.1376 
1.3585 1.5131 1.5617 1.567 1.5909 1.893 2.1515 2.1625 2.3363 
1.1828 1.467 1.6357 1.6508 1.6916 2.1236 2.168 2.2137 2.2939 
1.009 1.662 1.7411 1.8316 1.8996 1.9355 2.0173 2.2861 2.3113 
0.8625 1.7514 1.7832 1.799 1.8449 2.0132 2.0475 2.1144 2.2484 
1.1089 1.5708 1.5836 1.6283 1.761 1.8943 2.037 2.0553 2.1743 
1.0709 1.6204 1.6561 1.6673 1.801 1.8822 1.8892 2.055 2.2185 
1.4103 1.5288 1.5296 1.6975 1.7539 1.8602 2.061 2.083 2.2488 
0.9993 1.7587 1.9174 2.0682 2.092 2.1698 2.3589 2.5272 2.5334 
0.7461 1.6578 1.7804 2.1028 2.1047 2.1577 2.2347 2.2613 2.4069 
0.8186 1.9439 1.9575 2.0327 2.0336 2.2316 2.3161 2.5261 2.7402 
1.5109 1.5708 1.648 1.6973 1.7008 1.7639 1.9776 2.0635 2.241 
1.4272 1.5305 1.5546 1.6534 1.7255 1.76 2.0007 2.0299 2.2099 
1.2894 1.5821 1.6899 1.9135 1.9189 1.9802 2.03 2.0336 2.0892 
1.2943 1.4336 1.5796 1.8405 1.9015 1.9303 1.9377 2.1433 2.1536 
1.4157 1.4346 1.4693 1.6534 1.7239 1.7418 1.7542 1.8421 1.8797 
1.3509 1.4514 1.4823 1.6393 1.6455 1.6832 1.7126 1.7932 1.9082 
1.5612 1.6004 1.6032 1.7415 1.7725 1.8354 1.892 1.8984 1.9395 
1.5481 1.6734 1.726 1.7541 1.8874 1.9232 1.9356 1.944 1.9804 
1.4111 1.6686 1.7594 1.768 1.7849 1.8581 1.9452 1.9966 2.0316 
1.3874 1.6798 1.6854 1.7707 1.8154 1.8692 1.8856 2.0321 2.0877 
1.1862 1.7037 1.7116 1.7816 1.7986 1.9293 1.9687 2.0286 2.0586 
0.9497 1.6424 1.676 1.7416 1.8291 1.8499 1.8882 1.9936 2.0743 
0.8499 1.5338 1.5975 1.7207 1.7861 1.8843 1.8864 1.992 2.0358 
1.0023 1.3133 1.4867 1.7418 1.7923 1.8252 1.8387 1.9367 2.0007 
1.1707 1.1997 1.4392 1.6586 1.7858 1.835 1.9898 2.0076 2.0659 
1.2246 1.2814 1.5072 1.6614 1.7096 1.7911 2.0673 2.1647 2.1667 
1.237 1.3918 1.4218 1.8449 1.9935 2.0202 2.0235 2.078 2.1034 
1.0227 1.6801 1.6972 2.0129 2.0397 2.052 2.0533 2.0998 2.1325 
1.1826 1.4181 2.0362 2.1111 2.1967 2.2663 2.3594 2.4677 2.4811 
1.3187 1.8358 1.951 2.1367 2.1521 2.2382 2.3052 2.3402 2.3718 
1.5124 1.9501 2.0302 2.0466 2.0925 2.163 2.1961 2.2135 2.3432 
0.9291 1.7941 1.8878 1.8901 1.9011 1.9232 1.9689 2.0563 2.4505 
1.1906 1.5158 1.6279 1.8012 1.8281 1.8328 1.8614 1.938 2.1467 
0.9884 1.4981 1.6892 1.6954 1.7147 1.8178 1.8228 1.915 1.9361 
1.0485 1.5642 1.6183 1.827 1.9262 1.9341 2.1199 2.1902 2.4197 
1.5937 1.642 1.6609 1.7888 1.9203 1.9299 2.0073 2.1926 2.3505 
1.2962 1.4852 1.7179 2.0711 2.0751 2.1484 2.292 2.305 2.3709 
1.0954 1.306 1.6873 1.7562 1.8297 1.8833 2.0952 2.3833 2.3872 
0.6709 2.0512 2.0534 2.1256 2.2998 2.4074 2.5293 2.6365 2.6703 
0.6646 1.9668 1.9773 2.1453 2.3949 2.4382 2.4396 2.5514 2.6409 
1.4389 1.6694 1.6761 2.144 2.2476 2.343 2.4269 2.4963 2.5743 
1.5481 1.6375 1.6694 1.9186 2.2192 2.2359 2.3302 2.4179 2.4219 
1.23 1.4269 1.9387 1.9541 2.0296 2.1094 2.1654 2.1804 2.1867 
0.9585 1.5851 1.8193 2.0717 2.1457 2.1528 2.1978 2.2637 2.2879 
1.2528 1.6356 1.8494 1.8894 1.9539 1.9557 2.304 2.3159 2.3259 
1.4596 1.5797 1.5807 1.8098 1.8668 1.9647 2.1621 2.2931 2.2938 
1.3423 1.5444 1.7417 1.8803 2.0012 2.0127 2.0867 2.129 2.1859 
1.4108 1.4559 1.7611 1.7644 1.8337 2.1075 2.1297 2.2095 2.2764 
1.2276 1.4637 1.476 1.69 1.7584 2.1181 2.1214 2.1594 2.2474 
1.1349 1.3453 1.5716 1.6173 1.7913 1.8418 1.9786 2.0912 2.1441 
1.2465 1.363 1.5032 1.5615 1.6795 1.691 1.7317 2.0293 2.0962 
1.2486 1.4612 1.4763 1.5227 1.6755 1.7383 1.7426 1.9003 1.938 
1.3071 1.3084 1.6383 1.6716 1.7312 1.7491 1.8941 1.9372 1.9514 
1.3661 1.4555 1.6029 1.7368 1.7742 1.7847 1.8898 2.0563 2.0671 
1.3087 1.6934 1.7781 1.8101 1.8121 1.9967 2.1025 2.175 2.2001 
1.4404 1.6436 1.9244 2.0674 2.2816 2.3179 2.3356 2.4391 2.4921 
1.8697 1.8731 1.9489 2.0514 2.2716 2.4657 2.6336 2.728 2.7628 
1.5424 1.6811 1.7321 2.2317 2.3737 2.4557 2.5117 2.5164 2.551 
1.6199 2.0229 2.0234 2.0551 2.2267 2.227 2.5599 2.5988 2.7174 
1.3799 1.9648 1.9749 2.2053 2.3457 2.3462 2.5404 2.719 2.7327 
1.3546 1.8711 1.8723 2.1775 2.2408 2.2614 2.2788 2.3302 2.4829 
1.5028 1.6783 1.9482 2.0263 2.0438 2.0957 2.2403 2.2451 2.3994 
0.8647 1.5802 1.7496 1.8964 2.0712 2.085 2.2133 2.2589 2.2639 
1.4378 1.8431 1.8901 1.9641 1.9851 2.1572 2.1798 2.1915 2.2171 
1.3953 1.4303 1.8188 2.1359 2.1895 2.3029 2.3199 2.4166 2.5789 
1.0674 1.4316 1.8273 1.9479 1.9759 2.1794 2.2245 2.3572 2.4823 
0.7254 1.8556 2.0136 2.0966 2.4028 2.4145 2.5781 2.6046 2.6249 
0.7793 1.861 2.019 2.2145 2.3822 2.4393 2.5921 2.6497 2.6811 
1.6002 1.6651 1.7381 1.9346 2.2482 2.284 2.3619 2.3729 2.4564 
1.652 1.7427 1.7951 1.8157 2.296 2.3475 2.3756 2.3767 2.3851 
0.8995 1.7051 2.1155 2.1439 2.2488 2.2535 2.3543 2.4874 2.5058 
0.7533 1.9946 2.1238 2.2018 2.4196 2.4586 2.4832 2.5427 2.6138 
1.2418 1.7313 2.1163 2.1415 2.1473 2.3291 2.4175 2.5017 2.622 
1.3324 1.6173 1.9905 2.129 2.1821 2.2185 2.2503 2.3729 2.5207 
1.0666 1.8028 1.9807 2.1455 2.1943 2.2069 2.2214 2.2283 2.3376 
1.1919 1.6319 1.7512 1.9583 2.0225 2.256 2.2836 2.3034 2.3588 
1.3157 1.3797 1.4441 1.9089 2.1208 2.2557 2.2944 2.2951 2.4301 
1.3105 1.3235 1.3491 1.9201 2.0182 2.0335 2.1676 2.2138 2.3849 
1.2586 1.4586 1.4859 1.5813 1.6307 1.8328 1.958 2.143 2.1858 
1.2682 1.3527 1.4939 1.5302 1.5616 1.8142 1.9758 2.0406 2.0674 
1.1041 1.5339 1.5579 1.6151 1.6952 1.9362 1.9622 2.0078 2.1958 
1.1376 1.4859 1.5357 1.7005 1.7783 1.7935 1.9571 1.9616 2.0404 
1.3403 1.382 1.6714 1.7282 1.8351 1.9489 2.0316 2.081 2.1263 
1.4887 1.7109 1.7388 1.9533 2.042 2.0824 2.0987 2.2348 2.2905 
1.3797 2.0089 2.0636 2.4217 2.4413 2.4709 2.6067 2.7315 2.8367 
1.205 1.7731 2.2682 2.287 2.3753 2.4602 2.4617 2.5153 2.7162 
1.6286 1.6797 1.8936 2.3415 2.5518 2.5755 2.6609 2.7104 2.7112 
1.6058 1.8652 1.866 1.8767 2.2643 2.4803 2.4975 2.6948 2.7498 
1.0486 1.9245 2.0216 2.372 2.4087 2.4142 2.495 2.5131 2.525 
1.3246 1.774 2.1016 2.1556 2.1806 2.4667 2.4765 2.5132 2.5548 
1.1911 1.8934 1.998 2.0048 2.039 2.1783 2.204 2.3443 2.3856 
1.3309 1.94 2.0523 2.0956 2.0991 2.111 2.2375 2.2858 2.3626 
0.6917 2.0406 2.1927 2.2685 2.3135 2.3265 2.3267 2.3304 2.5188 
1.5805 1.6609 1.8101 1.8344 2.1553 2.2543 2.3551 2.4104 2.427 
1.3255 1.4869 1.7485 2.112 2.1933 2.2476 2.3184 2.3675 2.4253 
1.2274 1.2722 1.7906 2.0546 2.1895 2.2585 2.2807 2.3085 2.4802 
0.7734 1.917 1.932 1.9504 2.0626 2.1201 2.1685 2.3634 2.3777 
0.9412 1.8526 1.9053 1.9449 2.0507 2.0553 2.1994 2.3161 2.4635 
1.4938 1.6845 1.8388 1.9415 2.028 2.216 2.2507 2.2881 2.3309 
1.8069 1.8419 2.0327 2.0512 2.0591 2.1737 2.3477 2.3966 2.4051 
1.6195 2.6792 2.878 2.8933 2.9046 2.9118 3.0181 3.0377 3.0592 
1.8658 2.7593 2.8523 2.9139 2.9649 3.055 3.0911 3.1232 3.1387 
2.2359 2.3363 2.6172 2.6631 2.7372 2.7481 2.7996 3.0017 3.0987 
2.156 2.2801 2.309 2.5384 2.6897 2.713 2.7844 2.8162 2.9825 
1.9063 1.9643 2.1067 2.1809 2.2143 2.2541 2.3448 2.3981 2.4156 
1.8222 1.8983 1.9598 2.0875 2.2109 2.3401 2.3539 2.3939 2.4457 
1.4524 1.4616 1.5417 1.7395 1.7651 1.8467 1.8752 2.0678 2.2386 
1.3868 1.4824 1.6159 1.6451 1.6791 1.819 1.8426 1.856 2.0283 
1.2225 1.5835 1.6022 1.6077 1.6527 2.0342 2.0633 2.2195 2.2365 
0.934 1.5294 1.6361 1.6809 1.7698 2.0059 2.2047 2.2265 2.2552 
0.8597 1.6525 1.7293 1.7865 1.7972 1.9403 1.972 2.071 2.1334 
1.1017 1.6834 1.6983 1.7719 2.0054 2.0361 2.0728 2.1179 2.1412 
1.4275 1.7694 1.9417 2.1104 2.2401 2.2499 2.2523 2.353 2.4052 
1.2224 1.7122 2.0729 2.1567 2.2637 2.2764 2.4343 2.5211 2.5672 
1.4492 1.6897 1.6916 1.9429 2.2702 2.3702 2.4367 2.5405 2.5777 
1.474 1.6014 1.9222 2.0457 2.2762 2.5303 2.5532 2.567 2.583 
1.0736 1.9481 2.1055 2.1867 2.3094 2.3273 2.3756 2.3798 2.3801 
1.5229 1.8733 2.0941 2.115 2.147 2.2266 2.3398 2.4746 2.5037 
1.3252 1.3409 1.8683 2.05 2.1831 2.2801 2.3023 2.3197 2.4399 
1.2166 1.9065 1.9091 1.9492 2.0736 2.1378 2.1858 2.1994 2.4573 
0.7138 2.1215 2.2108 2.2374 2.25 2.3662 2.3861 2.4098 2.464 
1.5255 1.7406 1.9203 1.9811 2.0092 2.4048 2.4564 2.5031 2.5415 
1.0913 1.4773 1.816 1.9586 2.1704 2.2561 2.3238 2.494 2.636 
0.969 1.3833 1.8705 1.9072 2.1825 2.2133 2.3599 2.5898 2.6558 
0.8882 1.7025 1.8817 1.8842 1.9933 2.0258 2.032 2.3031 2.5814 
1.1891 1.8631 1.9117 1.9216 2.2175 2.2671 2.2937 2.4433 2.4711 
1.8175 1.8227 1.948 1.9759 2.1742 2.1825 2.32 2.3594 2.4072 
1.9913 2.0192 2.062 2.1378 2.1445 2.2246 2.317 2.403 2.46 
1.8017 2.721 2.8969 3.1527 3.1544 3.1583 3.1913 3.2092 3.3205 
2.7842 2.8455 3.1947 3.2739 3.4742 3.5207 3.5815 3.6144 3.8078 
2.3304 3.045 3.1105 3.4187 3.4301 3.5978 3.6056 3.7057 3.8311 
2.618 2.6591 2.7395 2.8227 2.9084 3.154 3.4126 3.522 3.5534 
1.8757 2.0979 2.1332 2.1968 2.2153 2.3084 2.3322 2.3644 2.45 
1.8014 1.8905 2.0281 2.0401 2.1205 2.1219 2.2077 2.2417 2.3479 
1.1796 1.4324 1.5594 1.7122 1.8103 1.8136 2.0907 2.1843 2.3111 
1.2256 1.4374 1.6166 1.7241 1.8014 1.9201 1.9641 1.9806 2.194 
1.1814 1.3687 1.6276 1.6423 1.795 2.1178 2.1339 2.1513 2.284 
0.9041 1.3778 1.6348 1.7027 1.7365 2.0548 2.1337 2.1946 2.2395 
0.7631 1.6332 1.6628 1.7156 1.7411 1.7511 1.8861 2.0775 2.2113 
0.8553 1.5677 1.6198 1.688 1.7839 1.9442 1.955 2.0627 2.132 
1.4924 1.7557 1.934 2.0483 2.1492 2.1992 2.3181 2.4506 2.4899 
1.4488 2.0298 2.1202 2.1327 2.1453 2.3684 2.419 2.4945 2.5127 
1.4182 1.8054 1.9477 2.0457 2.2992 2.3544 2.3722 2.4168 2.448 
1.3646 1.8685 1.8846 1.8897 2.2271 2.2521 2.2621 2.5073 2.6512 
1.2958 1.8615 2.0399 2.0539 2.126 2.2118 2.2885 2.2919 2.3584 
1.4235 1.6637 1.8269 2.0012 2.0779 2.2553 2.3092 2.3547 2.4107 
1.1206 1.3943 1.8832 2.2443 2.2515 2.2617 2.3386 2.3582 2.3887 
1.2267 1.8977 1.9455 1.9697 2.0166 2.0722 2.0895 2.2777 2.3464 
1.2012 1.4241 1.7092 2.2439 2.4052 2.5593 2.583 2.8272 2.8442 
0.95 1.4892 1.9902 2.2958 2.2999 2.6534 2.6659 2.8005 2.9365 
1.7142 1.9296 2.0506 2.0691 2.225 2.3513 2.5139 2.5476 2.6276 
1.7031 1.8912 2.0062 2.1112 2.1287 2.3152 2.3483 2.4516 2.5138 
1.1625 1.6704 2.1963 2.3146 2.3774 2.3866 2.3951 2.4705 2.5068 
0.9191 1.6473 1.9559 2.3491 2.4418 2.5537 2.7372 2.7991 2.8628 
1.0046 1.8573 2.0926 2.1182 2.3305 2.5228 2.7908 2.7911 2.8826 
1.4764 1.8433 2.0972 2.241 2.2546 2.4618 2.6978 2.7209 2.9093 
2.5688 2.5898 3.0284 3.0647 3.1003 3.2355 3.3428 3.3561 3.3822 
3.1851 3.3431 3.4533 3.8769 4.0097 4.1515 4.1685 4.2111 4.2167 
3.3055 3.3423 3.7428 3.8433 3.8477 3.9077 4.1181 4.1273 4.3002 
2.7221 3.1991 3.2431 3.2535 3.6144 3.7766 3.8215 3.8278 3.84 
2.0004 2.0596 2.0866 2.256 2.4241 2.6427 2.6662 2.7031 2.9116 
1.5376 2.0441 2.0785 2.2504 2.2902 2.6008 2.6624 2.6922 2.7446 
1.2322 1.3981 1.4079 1.8001 2.2857 2.3308 2.3581 2.3776 2.4558 
1.3077 1.4015 1.6277 1.7683 2.1838 2.2678 2.304 2.435 2.4678 
1.2024 1.4194 1.8868 2.0638 2.0741 2.1259 2.2093 2.3458 2.3713 
1.1981 1.3565 1.9799 2.0601 2.16 2.2753 2.2786 2.3129 2.3568 
0.9102 1.5728 1.8964 1.9669 2.0009 2.1812 2.1852 2.3996 2.4735 
1.0087 1.5935 1.9463 1.9815 2.0395 2.1278 2.2461 2.3384 2.5261 
1.5416 1.9201 2.0596 2.0636 2.1275 2.1401 2.1436 2.1692 2.3379 
1.3348 1.6417 1.7803 2.0462 2.3799 2.5196 2.523 2.5239 2.595 
1.0911 1.3082 1.4776 1.719 2.3062 2.3921 2.4677 2.4954 2.5078 
1.0146 1.3936 1.7002 1.9253 2.0662 2.125 2.2265 2.3663 2.4103 
1.1754 1.4117 1.6508 1.8126 1.9567 2.0451 2.1958 2.2081 2.2204 
1.1067 1.3888 1.664 1.6993 1.935 2.012 2.0812 2.1669 2.1745 
1.3094 1.5045 1.8632 1.8661 2.1897 2.3261 2.3446 2.3594 2.4679 
1.3084 1.7087 1.8387 2.1048 2.2882 2.3197 2.3782 2.4243 2.4424 
1.0419 1.5164 1.5788 2.0837 2.3963 2.5852 2.5954 2.6272 2.8773 
0.9308 1.4326 1.5061 2.216 2.4237 2.5622 2.6384 2.7468 2.7569 
1.0309 1.6334 2.105 2.1891 2.3834 2.4105 2.4521 2.5183 2.5314 
0.9318 2.0618 2.0769 2.2364 2.3234 2.479 2.5033 2.6014 2.6673 
1.2133 1.4602 1.8528 2.0487 2.483 2.6877 2.8217 2.8278 2.8507 
1.2699 1.3154 1.9529 2.1335 2.4884 2.8146 2.8338 2.8342 3.1378 
1.5541 1.6866 1.8927 1.9679 2.2574 2.5528 2.9852 3.0215 3.2046 
1.644 1.9147 2.0535 2.1475 2.2365 2.5297 2.6829 2.8178 3.0536 
2.0791 2.329 2.7723 2.9918 3.0631 3.0871 3.2704 3.5208 3.6157 
2.3557 2.5559 2.8215 3.0327 3.4384 3.6103 3.6337 3.6984 3.7627 
2.4133 3.0706 3.2482 3.2788 3.3899 3.598 3.8648 4.0698 4.075 
2.2545 2.9314 3.0422 3.0498 3.2676 3.2901 3.6433 3.6784 3.7926 
1.9489 2.3987 2.4392 2.5354 2.557 2.7158 2.7789 2.7991 2.9098 
1.9306 2.0036 2.0317 2.4679 2.5324 2.7125 2.7375 2.8237 2.8935 
1.1229 1.4921 1.8733 2.0181 2.1218 2.4537 2.4944 2.5202 2.6464 
1.2323 1.2801 1.8712 2.0533 2.0697 2.3484 2.359 2.4426 2.5051 
0.8294 1.444 1.9099 1.9246 2.2772 2.3599 2.4489 2.555 2.6235 
0.9849 1.035 1.8903 2.2598 2.3569 2.4618 2.5683 2.5869 2.6236 
0.6485 1.6902 1.8836 2.1248 2.1648 2.2032 2.2797 2.3576 2.5076 
0.7497 1.856 1.9802 2.0152 2.1503 2.2641 2.3579 2.4784 2.4842 
1.3626 1.7586 1.89 1.9671 2.1192 2.3261 2.4983 2.5096 2.5233 
1.0163 1.681 2.1276 2.1953 2.2869 2.3932 2.4398 2.4963 2.6691 
1.021 1.267 1.7519 2.018 2.1169 2.1694 2.2515 2.4328 2.7399 
1.1388 1.4812 1.5737 1.9008 1.9163 2.1906 2.3922 2.4231 2.4401 
1.7106 1.7178 1.7358 1.8006 1.9818 2.071 2.2304 2.2373 2.2618 
1.6988 1.7449 1.7696 1.7802 1.8935 1.9269 2.044 2.1494 2.2078 
0.9297 1.625 1.9768 2.0338 2.5274 2.653 2.6605 2.7486 2.8426 
1.5385 1.8634 1.8823 2.0632 2.1268 2.1612 2.2613 2.5301 2.546 
0.6191 1.8862 2.2031 2.702 2.7656 2.8253 2.8338 3.1157 3.1957 
0.8911 1.3775 1.9386 2.1028 2.7081 2.7285 2.7874 3.2432 3.6944 
1.3236 1.4042 2.072 2.2857 2.6228 2.6616 2.7438 2.8643 2.9011 
0.8188 1.9311 1.9499 1.9509 2.3029 2.4255 2.8695 3.0387 3.1843 
1.3778 1.726 1.8733 2.1208 2.1985 2.2286 2.5981 2.7249 2.7298 
1.2878 1.6673 1.8275 1.9519 2.1128 2.1797 2.2391 2.2427 2.3282 
1.4132 1.5473 1.7305 1.7679 2.0929 2.146 2.5093 2.5306 2.5757 
1.3237 1.5177 1.649 1.6554 1.6633 2.383 2.4169 2.4777 2.503 
1.8492 2.0869 2.1128 2.2451 2.3723 2.4023 2.5993 2.6946 2.7333 
1.4646 2.2514 2.2637 2.3775 2.513 2.6614 2.7617 2.8177 2.8668 
1.8465 2.1184 2.3598 2.5232 2.5413 2.7393 2.9136 2.9455 3.2999 
1.7421 2.2081 2.2662 2.3142 2.6216 2.64 2.6411 2.883 3.1913 
1.0605 1.9264 1.9438 2.0076 2.2682 2.5086 2.6048 2.7218 2.7822 
1.3537 1.4268 1.8175 1.9118 2.0304 2.2188 2.4743 2.5539 2.5768 
1.3614 1.8414 2.0977 2.6967 2.7059 2.7351 2.8044 2.8137 2.8915 
1.3042 1.8776 2.2428 2.2684 2.3636 2.6539 2.7963 3.0975 3.1884 
1.1781 1.7311 1.8183 2.0583 2.0804 2.2901 2.4121 2.4711 2.4765 
1.4813 1.5038 1.7464 1.8719 2.2073 2.409 2.584 2.8001 2.8991 
0.8097 1.6787 1.71 2.3517 2.5013 2.5067 2.5114 2.5776 2.6264 
0.9717 1.5416 1.7262 2.3054 2.3729 2.4044 2.5015 2.5373 2.5978 
1.1947 1.8181 1.8421 1.9674 1.9735 2.0142 2.1763 2.237 2.4515 
1.3816 1.5445 1.6552 2.0345 2.0401 2.1622 2.1623 2.4725 2.5237 
1.0134 1.7125 1.8327 1.8443 1.9098 2.0824 2.3207 2.4269 2.5532 
1.2649 1.5833 1.9378 1.9593 1.9638 2.1266 2.4233 2.5482 2.5947 
1.3817 1.602 1.6764 1.9505 2.1458 2.3726 2.4072 2.479 2.5803 
1.1894 1.7539 1.8056 1.8287 2.2577 2.3183 2.4185 2.4362 2.6011 
1.2159 1.7179 1.8229 2.1719 2.3777 2.6915 2.8717 3.0408 3.7042 
1.1151 1.4266 2.0053 2.1955 2.5864 2.6838 2.8078 2.8464 3.1518 
0.8278 1.9412 2.0027 2.0391 2.6274 3.1724 3.3718 3.4029 3.5293 
0.6463 1.6497 2.956 3.0587 3.0742 3.1008 3.1485 3.4515 3.4606 
1.1104 1.4971 1.5231 2.0203 2.5186 2.6093 3.1546 3.1558 3.4444 
1.0933 1.4703 1.7802 1.8512 2.0227 2.645 2.9761 2.9862 3.4189 
1.0596 1.4717 1.8327 2.0153 2.233 2.2378 2.262 2.8761 2.992 
1.0825 1.7061 1.7989 1.8955 1.9026 2.4603 2.5688 2.6323 2.6786 
0.8771 1.6953 1.9519 2.2161 2.2439 2.32 2.3381 2.4957 2.6163 
1.1343 1.1608 1.9738 2.0243 2.144 2.157 2.1816 2.2528 2.3916 
1.7134 1.8985 2.0326 2.2527 2.2774 2.3674 2.6376 2.6607 2.7134 
1.4967 1.8104 2.1485 2.2195 2.4155 2.4623 2.5284 2.9087 2.9235 
1.1307 2.1702 2.2742 2.4249 2.6066 2.8944 2.9238 2.9372 3.2471 
1.0718 2.1861 2.3863 2.4571 2.5326 2.6744 3.0435 3.0641 3.1104 
1.1919 1.8192 1.8867 2.0852 2.3347 2.3683 2.579 2.6082 2.6849 
1.081 1.4149 1.9069 2.3061 2.3839 2.4305 2.4598 2.524 2.5438 
1.4737 1.6082 2.0284 2.1824 2.3101 2.3411 2.3614 2.5987 2.7169 
1.2788 1.4537 1.8933 2.0437 2.2255 2.3722 2.4188 2.7034 2.817 
0.9634 1.3836 1.5306 2.0212 2.0731 2.1095 2.2627 2.58 2.7155 
1.6388 1.6446 1.902 2.2086 2.2111 2.2271 2.2968 2.3867 2.5688 
1.0387 1.5181 1.8797 2.244 2.4266 2.6111 2.7421 2.8183 3.111 
0.9868 1.7373 1.7797 2.2343 2.4068 2.4473 2.4652 3.229 3.2944 
1.4644 1.5977 1.7187 1.7958 1.9182 2.0284 2.4758 2.5293 2.635 
1.3752 1.501 1.7234 1.9054 1.9339 2.0133 2.346 2.4029 2.4711 
0.7768 1.5314 1.7448 1.9569 2.1204 2.1279 2.2444 2.3325 2.3551 
1.2848 1.4673 1.7745 1.7983 1.9167 2.0446 2.1544 2.1683 2.3578 
0.9621 1.4347 1.8688 2.0417 2.377 2.4327 2.4624 2.5752 2.6209 
1.3401 1.3532 1.3882 1.693 2.0514 2.2516 2.7198 2.734 3.1095 
0.9015 2.2254 2.4119 2.8365 3.2382 3.2397 3.2464 3.461 3.4618 
0.8481 1.8848 1.8856 2.1796 2.2696 2.8729 3.2786 3.5488 3.6586 
1.0181 2.0681 2.4062 2.9941 3.1414 3.5577 4.0604 4.5011 4.5167 
1.0936 1.7638 2.8228 3.3406 3.7034 4.2845 4.3349 4.3861 4.397 
1.7556 1.7568 1.9932 3.1856 3.2779 3.5738 3.632 3.7312 3.8312 
0.8809 2.3702 2.5224 2.5646 2.8949 2.9358 2.9419 3.3736 3.5867 
0.9155 1.8336 2.0184 2.0642 2.1967 2.4027 2.4354 2.7651 2.8925 
1.6346 1.7888 2.0287 2.3817 2.4151 2.439 2.5285 2.6185 2.8946 
0.8252 1.6909 1.9202 2.1682 2.4004 2.4772 2.5815 2.7657 2.9929 
0.7555 1.7258 1.7409 1.8475 2.243 2.3045 2.352 2.4628 2.7579 
1.4193 1.5585 1.6659 1.9171 1.994 2.1837 2.2988 2.4096 2.4928 
1.4521 1.61 1.6985 1.8271 1.9969 2.2946 2.3223 2.3926 2.4531 
1.4174 1.7266 1.9412 2.023 2.031 2.2135 2.4941 2.5365 2.8108 
1.7175 1.7754 1.8285 2.0126 2.0767 2.3795 2.7356 2.859 2.9017 
0.9734 1.8062 2.0877 2.1145 2.2595 2.564 2.6705 2.6806 2.7662 
0.9666 1.7288 1.8726 1.9417 2.0465 2.382 2.7812 2.8467 2.8574 
0.6962 1.8418 2.25 2.2836 2.4926 2.666 2.6706 2.812 2.9984 
1.3273 1.6086 1.9374 2.2723 2.3533 2.4483 2.4649 2.5582 2.8683 
1.0011 1.8121 2.1281 2.3541 2.4043 2.5653 2.6027 2.6614 2.7488 
1.2871 1.6691 1.75 2.0465 2.1903 2.424 2.6644 2.7581 2.8608 
1.1437 1.5388 1.8237 1.9865 2.0166 2.0551 2.2718 2.2729 2.4689 
0.9245 1.5886 1.7594 1.9572 2.0342 2.0662 2.2241 2.2675 2.3056 
1.3699 1.4554 1.7587 1.8169 2.0692 2.3758 2.5409 2.6498 2.8866 
1.3556 1.5294 1.5368 1.8882 1.8926 2.3367 2.6674 2.7745 2.792 
1.4396 1.54 1.8838 2.3493 2.4974 2.6385 2.6499 2.6857 2.6944 
0.8993 2.0243 2.0972 2.1234 2.3837 2.3838 2.6273 2.6589 2.7182 
0.7755 1.7042 1.7434 2.1387 2.2382 2.5395 2.718 2.8191 2.8321 
1.524 1.6237 1.8817 2.6235 2.6608 2.7098 2.7287 3.0342 3.0362 
1.0018 1.8393 2.2096 2.3429 2.3512 2.5214 3.5649 4.0864 4.2562 
0.6673 1.3706 2.0295 2.5406 2.8189 3.0971 3.1358 3.5716 3.7956 
1.4874 1.9765 2.0403 3.3909 3.4065 4.6845 5.0412 5.063 5.0717 
0.4177 3.0033 3.1729 3.4596 3.7254 3.8597 4.0394 4.9609 5.6113 
0.6954 2.3594 2.5104 2.8237 3.0491 3.3529 3.8641 3.9061 3.9776 
1.3452 1.8498 2.1358 2.3609 2.5349 2.8351 3.2134 3.4573 3.5643 
1.1111 1.5195 1.6329 1.7786 2.0761 2.3116 2.5021 3.0078 3.0738 
1.0799 1.4074 1.7396 2.3453 2.51 2.5631 2.6132 2.7662 2.8069 
1.2751 1.503 1.6385 1.9245 2.3283 2.3911 2.4088 2.5404 2.5686 
1.0802 1.5536 1.5659 1.9294 2.1918 2.4052 2.4518 2.5619 2.6496 
1.2092 1.5164 1.7844 1.8769 1.9712 1.998 2.1012 2.2212 2.2417 
1.2259 1.5526 1.761 1.983 1.9926 2.0162 2.1385 2.2141 2.3971 
1.1394 1.3859 2.0336 2.1299 2.2122 2.3176 2.3554 2.4373 2.5182 
1.3729 1.5002 1.7149 2.2296 2.3561 2.3807 2.4313 2.7856 2.8041 
1.1079 1.6216 1.7817 1.7913 2.1107 2.301 2.3573 2.704 2.7103 
1.2272 1.5049 1.7403 1.8269 2.1674 2.293 2.4112 2.4359 2.4583 
1.4047 1.4729 1.6388 1.7509 2.0055 2.4189 2.4275 2.5536 2.6093 
1.3222 1.5154 1.9797 2.0086 2.4849 2.6804 2.713 2.7165 2.7627 
1.4918 1.7557 1.8203 1.8406 2.1082 2.36 2.3796 2.4916 2.6056 
1.1102 1.34 1.6126 1.943 2.2495 2.4197 2.5117 2.8737 2.874 
1.305 1.3837 1.5038 1.6558 1.791 2.0151 2.345 2.3523 2.5013 
1.125 1.3104 1.4295 1.5711 1.9715 2.1687 2.2175 2.2938 2.5062 
0.9374 1.6555 1.9416 1.976 2.025 2.0374 2.2882 2.3484 2.4131 
1.0651 1.6184 1.8669 1.881 2.1067 2.215 2.2223 2.2444 2.4463 
1.184 1.7442 1.8156 1.9277 1.9347 2.1066 2.1401 2.4403 2.458 
1.0669 1.4667 1.7712 1.8407 1.9147 1.9567 2.0575 2.0862 2.3838 
0.9778 1.4298 2.0828 2.1644 2.2112 2.3654 2.5389 2.6109 2.6249 
0.831 1.2044 1.8887 2.1555 2.1795 2.2716 2.6037 2.9906 3.1388 
0.8411 1.4728 1.7642 2.0695 2.2307 3.2714 3.3812 3.695 4.0007 
0.4436 1.4966 1.6423 1.7881 2.7687 2.8359 3.7948 3.9679 4.3993 
1.0055 2.6421 2.7562 3.1912 3.2673 4.5628 5.1208 5.3824 5.5503 
1.3871 2.0489 2.8406 3.4374 3.6137 3.7889 4.007 4.4215 4.9653 
1.3176 1.9158 2.074 2.0926 2.3933 2.7403 2.7621 2.7838 2.9088 
1.2243 1.3623 1.6698 1.7378 2.5926 2.6234 2.8322 2.8617 2.8842 
1.2841 1.3144 1.9473 1.9786 2.0102 2.2514 2.649 2.7154 2.7179 
1.1758 2.0209 2.1662 2.1765 2.2594 2.3097 2.3426 2.4203 2.635 
1.5784 1.6976 1.7154 1.7405 1.7496 1.9735 2.0291 2.0996 2.1684 
1.7134 1.7854 1.8545 1.929 1.9402 1.9406 1.9498 2.0274 2.0523 
1.3654 1.5472 1.5956 1.7203 1.7303 1.9127 2.1482 2.2736 2.2953 
1.5921 1.5939 1.6808 1.8943 1.9492 2.0848 2.1898 2.3167 2.4403 
1.4087 1.6467 1.7253 2.009 2.0256 2.0962 2.1471 2.2709 2.2758 
1.4904 1.6588 1.7131 1.8255 2.1473 2.1532 2.2467 2.2493 2.2707 
1.0497 1.3961 1.5651 1.829 1.9586 2.0003 2.0897 2.1069 2.313 
1.4736 1.4829 1.7718 1.842 2.0622 2.0649 2.229 2.2431 2.506 
1.4968 1.6562 1.9014 1.9387 1.9985 2.1219 2.2014 2.3329 2.3583 
1.1887 1.2683 1.6868 1.7392 1.9168 2.0982 2.2413 2.2741 2.4239 
1.2904 1.3057 1.3492 1.6503 1.6604 1.8568 2.3637 2.3638 2.5046 
0.7027 1.8042 1.8475 1.8841 1.9022 1.9344 1.963 2.0174 2.1104 
0.7288 1.7994 1.8278 1.9179 1.9879 2.102 2.2292 2.536 2.6553 
1.0961 1.3259 1.7524 1.9505 1.9755 2.1697 2.1756 2.2321 2.5082 
1.0575 1.3901 2.1454 2.2347 2.3436 2.6249 2.6513 2.6853 2.8711 
0.9018 1.5329 2.1806 2.2125 2.4354 2.6302 2.8105 2.82 2.884 
1.0997 1.7302 1.8879 2.1355 2.1936 2.2862 2.5446 2.6409 2.6524 
1.3572 1.746 1.8767 1.939 2.0174 2.0694 2.6824 2.6945 2.7329 
1.118 1.5002 1.5515 1.8457 1.9089 1.9872 2.5797 2.6741 2.6993 
0.882 1.3812 1.5655 1.751 1.9784 2.0516 2.2165 2.3936 2.4935 
0.6238 1.9125 2.1631 2.1759 2.5824 2.8161 3.1296 3.5653 3.755 
0.7267 1.716 2.1636 2.1674 3.1258 3.1281 3.2037 3.622 3.7536 
1.3737 1.6089 2.6955 3.5958 4.306 4.441 4.5355 4.8862 5.2336 
1.4043 2.2339 2.7844 3.5348 3.6712 4.2458 4.3404 4.7778 4.8164 
1.0388 1.6844 1.8677 2.0444 2.1238 2.3674 2.377 2.4813 2.774 
0.7197 1.8543 1.9202 2.0689 2.3235 2.3506 2.4377 2.5551 2.6155 
1.0711 1.3946 1.9136 2.0234 2.0258 2.304 2.4925 2.5096 2.5903 
1.4789 1.654 1.6683 1.8972 1.9325 2.0305 2.422 2.4763 2.4777 
1.3091 1.4983 1.5984 1.7382 1.7837 2.0045 2.0832 2.1148 2.2284 
1.3787 1.4106 1.6218 1.696 1.7571 1.9835 2.087 2.1228 2.1504 
1.5666 1.6649 1.7376 1.8068 1.8437 1.922 1.9875 1.9876 1.9914 
1.7448 1.8416 1.9194 1.9347 1.9352 1.9514 2.0296 2.0331 2.0526 
1.3664 1.6034 1.808 1.9841 2.1119 2.1678 2.2693 2.3511 2.3776 
1.1219 1.6384 1.6941 2.0198 2.0897 2.1166 2.1288 2.1927 2.3769 
1.1564 1.5573 1.5649 1.6422 1.7121 1.8878 1.9391 2.0903 2.3303 
1.0805 1.4557 1.8908 2.0365 2.0937 2.2557 2.3009 2.3788 2.3817 
1.5494 1.5525 1.9446 1.9707 2.0001 2.2347 2.4625 2.4701 2.6467 
1.1748 1.435 1.7412 1.856 1.971 2.0588 2.1469 2.1895 2.2905 
1.1982 1.7131 1.7822 1.7874 1.822 1.8713 1.8971 2.1207 2.1212 
0.9581 1.7177 1.74 1.7494 1.7617 1.847 1.8475 1.9729 2.1402 
1.3194 1.4356 1.7904 1.8903 2.0232 2.0376 2.0401 2.0447 2.1532 
1.3083 1.4892 1.6436 1.6919 1.8256 2.1247 2.1938 2.2442 2.4033 
0.5805 1.2805 1.8141 1.9317 2.015 2.0203 2.0483 2.2756 2.3398 
0.7403 1.173 1.8278 1.9383 1.98 2.0858 2.1032 2.17 2.1801 
1.1419 1.3457 1.8377 1.872 2.041 2.1741 2.2706 2.3009 2.425 
1.4545 1.4675 1.8048 1.8951 1.9129 2.0381 2.0548 2.0843 2.1781 
0.8587 1.5212 1.8687 2.0672 2.1292 2.1323 2.3813 2.4231 2.4254 
0.8593 1.2588 1.3522 2.0387 2.0405 2.0455 2.0585 2.2852 2.2925 
0.8746 1.1708 2.1507 2.8871 2.9014 2.9687 3.0011 3.6292 3.7709 
1.4022 1.6708 2.1686 2.1785 2.3469 2.4082 3.1795 3.4856 3.5983 
0.4863 1.7966 3.2353 3.2659 3.4982 4.3869 4.4516 5.281 5.5381 
0.3625 2.3971 2.8027 3.2372 3.8009 4.0886 4.1283 4.4014 4.6066 
1.0874 1.5571 1.8257 2.0065 2.1422 2.2083 2.2784 2.384 2.9015 
1.2006 1.2384 1.5036 1.9244 2.1427 2.1626 2.3959 2.6135 2.6412 
1.1272 2.0454 2.1633 2.1785 2.2102 2.223 2.372 2.3922 2.6833 
1.3866 1.9059 1.9279 1.9427 2.3042 2.3167 2.3969 2.4215 2.4485 
1.6571 1.6941 1.8377 1.8757 1.9041 1.9175 2.1868 2.2024 2.2451 
1.6069 1.9319 2.0 2.0059 2.0153 2.0363 2.0376 2.1597 2.2075 
1.1 1.8486 1.9308 1.9428 2.0783 2.1682 2.2925 2.3859 2.4063 
1.259 1.836 1.9078 2.0212 2.1045 2.1531 2.34 2.4179 2.4313 
1.4755 1.6592 1.942 1.95 2.0538 2.0903 2.0916 2.1163 2.2583 
1.5166 1.7425 1.7671 1.8093 1.8604 2.0503 2.1198 2.1447 2.2303 
1.1676 1.2092 1.7149 1.8165 1.8849 2.0008 2.1059 2.1601 2.2006 
1.0257 1.4761 1.7945 1.8809 1.9366 2.0454 2.0904 2.1242 2.2211 
1.1602 1.2557 1.7248 2.0286 2.1901 2.2834 2.4093 2.4188 2.5179 
1.0025 1.5587 1.9279 1.9293 2.0157 2.0299 2.0455 2.2214 2.2642 
1.2149 1.5927 1.6403 1.8465 1.9077 2.0987 2.1117 2.3763 2.384 
0.8475 1.6525 1.9138 2.1102 2.2876 2.3601 2.3623 2.5367 2.5905 
1.2595 1.6412 1.894 1.9326 2.0748 2.3445 2.3743 2.6758 2.7895 
1.11 1.5877 1.6958 2.1845 2.1869 2.3583 2.4837 2.5931 2.8386 
0.9592 1.8532 2.3232 2.5935 2.6093 2.6516 2.6711 2.7292 2.7504 
1.206 1.6656 2.468 2.6364 2.645 2.664 2.7875 2.7928 2.8574 
1.046 1.4674 1.8182 2.052 2.548 2.5733 2.7687 2.8774 3.0316 
1.0672 1.7859 1.8444 2.3377 2.3709 2.4351 2.7424 2.7523 2.9281 
1.3299 1.9744 2.1389 2.1408 2.3334 2.351 2.498 2.7035 2.7078 
1.3933 1.5382 1.937 2.1245 2.4012 2.4791 2.5582 2.6662 2.6746 
1.5248 1.6539 2.2535 2.3004 2.5364 2.6647 2.7366 3.147 3.2532 
0.9159 1.2232 1.5132 2.5186 2.5583 2.7516 3.1242 3.5055 3.6496 
0.8803 1.9659 2.7518 2.8466 2.8758 4.2397 4.4326 4.8048 5.2286 
1.4746 1.665 1.6789 2.6275 2.6389 3.4745 3.8952 4.6759 4.9365 
0.8656 1.6765 1.9531 2.118 2.2509 2.5038 2.7401 2.7776 2.7858 
1.0464 1.2199 1.5943 1.661 1.9757 2.2684 2.6751 2.8328 2.8777 
1.6382 1.7139 1.884 1.9377 1.9555 2.0355 2.0995 2.1251 2.2109 
1.5525 1.5919 1.7431 2.0076 2.4568 2.6098 2.6141 2.6372 2.6479 
1.3045 1.4284 1.8629 1.9115 1.9141 2.1769 2.2055 2.2223 2.2289 
1.5996 1.7643 1.9762 2.0821 2.0884 2.1584 2.176 2.2193 2.2836 
1.5939 1.6049 1.647 1.8396 1.9736 2.0862 2.2349 2.2966 2.3164 
1.5586 1.5929 1.6599 1.8566 1.9314 1.9952 2.2049 2.2654 2.3208 
1.5145 1.6307 1.6431 1.824 2.0104 2.0149 2.0824 2.1068 2.2567 
1.2912 1.4194 1.7655 1.8998 1.9798 2.0678 2.1458 2.1893 2.2012 
1.5402 1.569 1.604 1.7613 1.7621 1.8287 1.8918 2.1498 2.2641 
1.2521 1.5094 1.6642 1.6805 1.7929 1.9951 2.1047 2.2664 2.271 
1.2016 1.589 1.5956 1.6066 1.8105 1.9518 2.2213 2.2456 2.4089 
1.3616 1.6703 1.6808 1.7494 1.7967 1.8464 1.9204 1.9625 2.131 
1.1753 1.6766 1.6997 2.0601 2.0611 2.1823 2.2413 2.2925 2.3114 
1.3135 1.7908 1.8687 1.882 2.0249 2.1492 2.1984 2.4218 2.5909 
1.2596 1.4218 1.6219 2.0537 2.1074 2.1458 2.4729 2.5045 2.5074 
1.1106 1.7357 1.7716 1.8836 2.0286 2.1807 2.218 2.4297 2.7871 
1.2787 2.0511 2.0546 2.1251 2.1497 2.1647 2.2001 2.3595 2.3897 
1.1376 1.8126 1.9238 2.0527 2.1206 2.1244 2.2221 2.5341 2.5351 
1.5999 1.6264 1.8846 1.9019 2.2209 2.3369 2.5372 2.5414 2.6505 
1.8966 2.0036 2.077 2.0932 2.1427 2.1434 2.4899 2.7143 2.7846 
1.4614 1.5585 1.9655 2.2948 2.4774 2.7212 2.763 2.9542 2.9578 
1.6104 1.859 1.9467 2.0267 2.3073 2.4733 2.936 3.3045 3.3383 
1.5944 1.8777 2.2574 2.5222 2.5489 3.1256 3.1507 3.2675 4.1623 
0.81 1.7008 1.8588 2.2868 2.5513 2.9784 3.4606 3.666 3.8776 
0.5445 2.0725 2.2855 3.0694 3.1964 3.7095 4.3387 4.4651 4.901 
0.3497 2.4562 2.6132 2.7908 2.8119 2.8471 4.2027 4.3814 4.4104 
1.0429 1.6443 1.9742 2.0557 2.2793 2.3836 2.4278 2.477 2.6449 
0.972 0.9882 1.8242 1.9182 2.1992 2.5486 2.7209 2.7565 2.9169 
0.7609 1.4617 1.9025 2.0555 2.0845 2.2744 2.3949 2.5281 2.8104 
1.2662 1.7835 1.9302 2.3131 2.3573 2.3771 2.3865 2.7188 2.73 
1.1656 1.5136 2.1673 2.1748 2.2942 2.3332 2.5572 2.6419 2.6624 
1.1466 1.7773 2.1771 2.2382 2.2568 2.3817 2.4135 2.4996 2.5854 
1.4417 1.6413 1.6677 1.8865 1.9141 2.1559 2.252 2.3996 2.423 
1.2615 1.6264 1.6733 1.8493 1.8973 2.1445 2.2202 2.2353 2.3043 
1.5416 1.6784 1.8638 1.9738 2.0217 2.0597 2.0706 2.2702 2.2828 
1.3414 1.7254 1.8833 2.1279 2.1327 2.1404 2.2053 2.3082 2.3342 
0.9965 1.2497 1.9841 2.2221 2.2471 2.3059 2.3149 2.381 2.5607 
1.0669 1.1965 1.8409 1.8441 1.9551 2.1283 2.1323 2.3096 2.3549 
1.0304 1.2942 1.5133 2.2509 2.2777 2.2932 2.3821 2.3843 2.4689 
1.1838 1.2727 1.7786 2.0546 2.0861 2.1101 2.4063 2.4377 2.4399 
1.0643 1.2315 1.4584 1.556 2.2079 2.2482 2.5677 2.6063 2.707 
0.7359 1.5621 1.5705 2.0225 2.077 2.6739 2.9112 2.9504 3.0774 
0.9774 1.5783 1.7546 1.9815 2.3941 2.4021 2.5973 3.0377 3.0537 
0.895 1.5887 1.7105 2.0983 2.2392 2.2862 2.5934 2.9769 3.0248 
1.0612 1.7825 2.2745 2.378 2.5836 2.6198 3.1045 3.2634 3.2701 
1.3284 1.7768 2.4168 2.7878 2.8588 2.9065 3.0549 3.2905 3.2976 
1.4302 2.4159 2.6949 2.9086 3.5137 3.5489 3.7314 3.8043 3.9094 
1.8599 2.7585 3.3284 3.3766 3.4166 3.4798 3.7445 3.8553 4.0213 
2.379 2.3827 2.5481 2.906 3.3127 3.3206 3.3952 3.5614 3.8592 
1.8826 2.1133 2.3747 2.8861 3.0793 3.1181 3.1513 3.2228 3.3948 
1.1654 2.4587 2.5699 2.7331 3.4498 3.7345 3.8374 4.2767 4.3215 
0.8228 1.7962 2.3944 2.3996 3.3285 3.7487 4.0233 4.1532 4.2511 
0.6543 1.7702 2.1401 3.2445 3.3932 4.3284 4.4807 4.6149 4.783 
1.1973 1.3728 2.2376 2.6937 3.5891 3.9087 4.0843 4.3153 4.6942 
0.9771 1.7878 2.0957 2.4043 2.6304 2.6315 2.8873 3.7819 3.814 
1.3653 1.6854 2.1743 2.359 2.4529 2.517 2.5946 2.7793 2.78 
0.7468 1.9008 1.9297 1.9412 1.9725 2.3455 2.7206 2.9343 2.9685 
1.28 1.6405 2.0496 2.203 2.4215 2.4523 2.492 2.5405 2.6794 
1.3152 1.4992 1.778 1.9448 2.2927 2.3767 2.5642 2.5652 2.5915 
1.2973 1.7947 1.8727 2.0455 2.33 2.397 2.4288 2.6172 2.6624 
1.4811 1.9372 2.0618 2.1453 2.2211 2.3188 2.393 2.4127 2.4661 
1.339 1.8644 2.0569 2.1504 2.2408 2.2638 2.4264 2.46 2.5262 
1.1395 1.4038 1.7941 1.9184 2.0306 2.0342 2.0554 2.2391 2.3729 
1.444 1.4647 1.572 1.9318 1.9473 1.956 2.2096 2.3759 2.4522 
1.3014 1.3909 1.5467 1.6479 1.6776 2.0346 2.0821 2.3392 2.5754 
1.2163 1.6645 1.7357 1.7999 1.8577 2.1296 2.1578 2.4212 2.452 
0.9451 1.486 1.6949 1.8037 1.9955 2.0445 2.0509 2.1135 2.1978 
0.9725 1.5565 1.6166 1.869 1.9211 1.952 2.116 2.3556 2.3823 
0.9534 1.209 1.6212 1.6498 2.0414 2.2556 2.2638 2.3586 2.4457 
1.214 1.2782 1.9887 1.9976 2.1501 2.1503 2.3392 2.3642 2.3739 
0.9296 1.4304 2.0772 2.1679 2.301 2.4178 2.4828 2.5928 2.7086 
1.0343 1.5132 1.9958 2.1125 2.2191 2.4095 2.5195 2.6026 2.6727 
1.3154 1.924 2.1409 2.3661 2.4004 2.4396 2.7371 3.0235 3.0452 
1.5294 1.6455 2.2866 2.3527 2.7014 2.7062 2.8163 3.0913 3.0988 
2.3093 2.565 2.9604 2.9629 3.0391 3.3049 3.3732 3.3909 3.5126 
2.3542 3.0065 3.1221 3.1473 3.2409 3.3567 3.4941 3.5868 3.6162 
2.4362 2.7303 3.0504 3.06 3.2826 3.3066 3.3461 3.5444 3.8977 
1.7262 2.3535 2.8354 2.935 3.0126 3.2157 3.3364 4.0823 4.093 
1.5748 1.9216 2.8143 2.857 3.6382 4.1331 4.2308 4.7143 4.9586 
1.0933 1.4292 2.6361 2.7325 3.3788 3.9784 4.2881 4.3942 5.0446 
0.4583 1.8351 2.0745 2.4184 2.7558 3.4438 3.5541 3.7909 3.8357 
0.3074 2.4604 2.5394 2.5446 2.9367 3.432 3.9675 4.2863 4.4694 
0.8984 1.7344 2.2037 2.5574 3.1412 3.4621 3.9749 4.2289 4.234 
0.5649 2.4566 2.6185 2.8994 2.9126 3.2177 3.5143 3.5624 3.6215 
0.8795 1.4597 1.8142 2.1735 2.2009 2.2936 2.3529 2.4074 2.4739 
1.1539 1.3414 1.6677 1.945 1.9664 2.0415 2.1107 2.3867 2.6826 
0.8765 1.9306 2.0196 2.3002 2.3923 2.4519 2.5217 2.5765 2.6547 
1.0201 1.8242 1.9142 2.071 2.3604 2.3612 2.4959 2.7535 2.757 
0.9561 1.6398 1.808 2.1267 2.2351 2.3536 2.57 2.6179 2.6908 
0.8797 1.5874 1.6951 2.1339 2.2271 2.3509 2.4978 2.5187 2.6822 
1.1907 1.4486 1.7882 1.795 2.1291 2.1439 2.159 2.1764 2.5466 
1.0257 1.5579 1.7915 1.8517 2.1708 2.2778 2.4675 2.499 2.5054 
0.7827 1.7329 1.9994 2.0248 2.4039 2.7393 2.775 3.0416 3.0907 
0.7537 1.1754 1.7918 2.4742 2.5695 2.5815 2.5931 2.7335 2.7465 
0.6805 1.7261 1.8561 2.1418 2.7024 2.834 3.0089 3.2258 3.4065 
1.3844 1.7188 1.805 2.1932 2.255 2.4261 2.8694 3.0556 3.4271 
0.7036 1.0245 1.8717 2.3412 2.5275 2.745 2.8974 3.0369 3.0874 
1.2399 1.371 1.6061 1.7516 2.4193 2.7903 2.8063 2.9711 3.0971 
0.972 1.4302 1.4581 2.2274 2.2699 2.2922 2.4588 2.6652 2.6935 
0.896 1.4563 1.4719 2.1483 2.2284 2.2613 2.4678 2.7651 2.8681 
1.3437 1.6144 1.6335 1.952 2.2121 2.4623 2.7068 2.7276 2.8768 
1.5339 1.7299 1.9853 2.2637 2.4986 2.7536 2.8128 2.8748 2.9778 
2.0286 2.1659 2.5509 2.6763 2.8422 3.4003 3.5012 3.6631 3.8838 
2.1979 2.3522 2.3631 2.6563 3.1844 3.6398 3.7489 3.7537 3.7644 
2.6535 2.918 3.0009 3.0065 3.2352 3.7246 3.7301 4.3199 4.38 
2.0385 2.7565 2.7631 3.2266 3.7233 3.8475 4.3622 4.3625 4.4353 
1.846 2.3369 2.6186 2.6983 3.4192 3.4391 3.6404 4.235 4.6501 
0.823 2.1692 2.1723 3.1333 3.4431 3.5064 3.8746 3.9959 4.0367 
0.2516 2.0483 2.1355 2.7997 2.8235 3.173 3.3361 3.3523 3.6899 
1.1867 1.3142 1.4224 2.2332 2.7786 2.8497 3.7501 4.0473 4.1575 
0.6459 2.3321 2.4351 2.4618 2.5267 2.9644 3.3705 3.5214 3.6337 
1.189 1.5494 2.0335 2.783 2.8932 2.9586 3.0763 3.2382 3.6086 
1.4881 1.5478 1.6572 2.0039 2.2866 2.5138 2.746 2.8161 2.8328 
1.2919 1.6947 1.8948 1.9391 2.2194 2.2477 2.306 2.3975 2.5374 
1.4796 1.7753 2.0272 2.0784 2.1726 2.2555 2.2902 2.366 2.4981 
1.6342 1.8706 1.8802 1.9228 2.3205 2.3748 2.4511 2.5388 2.6386 
1.2432 1.612 2.2466 2.2641 2.4372 2.4825 2.6759 2.7194 2.7878 
1.1601 1.5094 2.1436 2.2268 2.3789 2.5596 2.6097 2.7504 2.829 
1.3859 1.5889 1.6361 2.0002 2.0066 2.0186 2.2509 2.3533 2.5167 
1.0636 1.5948 1.7297 1.7541 1.8396 2.1317 2.1513 2.2959 2.5222 
1.1726 1.8322 1.8731 2.2745 2.3197 2.3318 2.367 2.3734 2.3853 
1.211 1.5419 1.7273 1.74 1.8692 2.219 2.2327 2.3662 2.5705 
1.1635 1.3617 2.033 2.0537 2.2049 2.3137 2.5712 2.5994 2.6569 
1.0824 1.2029 1.8997 2.0631 2.1483 2.4151 2.4979 2.6474 2.6908 
1.1156 1.3726 1.6313 1.7022 1.9349 2.101 2.1479 2.3021 2.6002 
0.8406 1.6178 1.9825 2.0771 2.0812 2.1059 2.2153 2.7341 2.8612 
0.7225 1.335 1.5118 2.0593 2.2281 2.5429 2.5848 2.678 3.0048 
0.7533 1.2586 1.5005 2.1039 2.3084 2.5036 2.6596 2.6753 2.8249 
1.6917 1.8698 1.8873 1.9806 2.031 2.2277 2.4557 2.5004 2.817 
1.8627 1.9035 2.0664 2.1118 2.1204 2.4721 2.5628 2.5746 2.6716 
1.6893 1.8964 2.117 2.5776 2.734 2.7806 3.4432 3.454 3.7412 
1.7366 2.0627 2.1025 2.3148 2.397 2.8433 3.5778 3.6209 3.686 
1.2548 2.5891 2.6351 2.8498 3.0675 3.1873 3.2348 3.2926 3.7331 
1.3839 2.5604 3.0233 3.1302 3.297 3.6495 3.6666 3.737 3.9589 
0.8987 2.2638 2.5184 2.7743 2.8386 3.7569 3.8941 4.3306 4.4348 
1.003 2.0001 2.6452 2.971 3.2391 3.4519 3.4685 3.7657 3.9266 
0.9719 1.0449 1.7814 1.9907 2.4688 2.7486 2.9246 2.9923 3.0794 
0.5716 1.597 1.9384 1.9417 2.7253 2.8819 2.907 3.0574 3.6207 
1.2571 1.7145 2.0208 2.1378 2.4799 2.5653 2.5958 3.2051 3.6436 
1.4119 1.6856 1.9566 2.4829 2.5853 2.6542 2.9337 3.4398 3.5871 
0.7965 1.7472 1.8934 2.5251 2.6418 2.651 2.7183 2.8612 3.2276 
0.8751 1.6165 1.7139 2.2832 2.6501 2.7003 2.8225 2.999 3.0582 
1.3137 1.5591 1.6997 1.7006 1.9373 2.114 2.3672 2.9295 3.1768 
1.5063 1.6103 1.738 1.7982 2.0624 2.1246 2.1793 2.7999 3.2189 
1.2098 1.407 1.841 1.9386 2.0434 2.1834 2.4275 2.6534 2.7399 
1.1806 1.3606 1.7458 1.9031 2.0631 2.2632 2.3985 2.6834 2.7284 
0.9214 1.495 1.6868 1.9229 2.0814 2.1407 2.3721 2.4354 2.4412 
0.9563 1.4478 1.753 2.0188 2.0254 2.0434 2.2682 2.3374 2.3546 
1.2704 1.2786 1.5681 1.6413 1.8771 1.9625 2.1666 2.4267 2.5763 
1.1524 1.3578 1.4142 1.6693 1.9035 1.9598 2.1177 2.4337 2.4971 
1.2103 1.4694 1.47 1.5826 1.8048 2.0084 2.0084 2.4446 2.5803 
1.2021 1.3661 1.5145 1.7014 2.0003 2.0862 2.4803 2.5238 2.602 
1.1991 1.6711 1.7538 1.9044 1.9278 1.9421 2.1214 2.2909 2.6554 
1.1626 1.4828 1.5252 1.8785 2.0991 2.164 2.2302 2.5414 2.5414 
0.7127 1.6999 2.0501 2.1621 2.1768 2.4993 2.5115 2.5228 2.553 
0.756 1.6019 2.1969 2.2031 2.2576 2.4723 2.5822 2.5961 2.5986 
1.3553 1.4871 1.8569 2.0302 2.3377 2.7691 2.9295 2.9785 3.0048 
1.2471 1.6527 1.6961 2.0705 2.3664 2.776 2.9591 3.0074 3.0082 
1.0456 1.6651 2.0069 2.1042 2.3764 2.7868 3.0771 3.2947 3.3515 
0.9906 1.8352 1.982 2.1746 2.2863 2.8189 2.9005 3.3149 3.3231 
1.536 1.6524 2.3267 2.4292 2.6076 2.718 2.7417 2.8765 2.927 
1.3702 1.7841 2.225 2.4186 2.4873 2.4947 2.5854 2.8332 3.1012 
0.9736 1.6052 2.0425 2.4774 2.9369 3.0379 3.2251 3.4086 3.4102 
1.5389 1.7074 1.8797 2.0028 2.4248 2.7697 2.793 2.9468 3.1347 
0.9751 1.2174 2.0146 2.0473 2.353 2.6827 2.8928 2.9791 3.1239 
0.7463 1.3733 2.0195 2.0754 2.4506 2.5093 2.6072 3.1887 3.3654 
1.1117 2.1725 2.174 2.2336 2.2734 2.2899 2.6572 3.1412 3.178 
1.2278 1.9345 2.0003 2.0069 2.1358 2.3903 2.4713 3.3379 3.374 
1.0585 1.2532 1.8965 1.9057 1.9925 2.0827 2.3155 2.9648 3.227 
0.955 1.3842 1.8278 1.8475 2.0954 2.1181 2.23 2.9383 3.2917 
1.3118 1.3354 1.4016 1.5934 2.0352 2.518 2.694 2.7252 2.757 
1.2812 1.5139 1.7037 1.8226 2.1258 2.5153 2.5274 2.7546 2.799 
1.0933 1.6113 1.8999 1.9512 1.9741 2.4145 2.4999 2.5911 2.7357 
0.9943 1.58 1.8911 1.8997 1.9738 2.36 2.3892 2.476 2.6296 
1.3035 1.3381 1.6312 1.7007 1.8622 2.0148 2.0485 2.2948 2.329 
1.3662 1.399 1.6448 1.7299 1.7772 1.902 1.9536 2.2348 2.2862 
1.0653 1.5076 1.6338 1.7408 1.8142 1.9799 2.0214 2.0339 2.0547 
0.8264 1.6598 1.6989 1.7484 1.879 1.9444 2.1366 2.1462 2.2337 
0.8162 1.1726 1.7368 1.8487 1.9469 2.2168 2.2425 2.2663 2.2743 
0.7726 1.4445 1.7875 1.8276 1.9092 1.9802 1.9874 2.1404 2.4962 
0.814 1.8615 1.9179 2.0453 2.0721 2.1276 2.1312 2.1524 2.159 
1.1141 1.6118 1.6254 1.9408 1.9864 2.3224 2.378 2.4087 2.4171 
1.1379 1.9035 1.9247 1.975 2.0241 2.2578 2.3474 2.3815 2.5113 
1.1019 1.7931 1.9482 1.9623 2.2126 2.2362 2.4067 2.4266 2.5637 
1.6034 1.6832 1.7146 1.9947 2.1554 2.3285 2.338 2.6381 2.6918 
1.6652 1.7195 1.7295 1.9198 2.1653 2.2947 2.3266 2.6338 2.7357 
1.334 1.3981 1.7816 2.1236 2.2144 2.6422 2.6643 2.765 3.1142 
1.315 1.3925 1.7057 2.1701 2.3208 2.7708 2.8296 2.8792 3.0975 
1.0281 1.7378 1.9171 2.3743 2.4077 2.7687 2.9375 2.9785 3.0748 
0.9172 1.8852 2.2005 2.4125 2.4597 2.713 2.938 3.0047 3.0863 
1.1834 1.56 2.2618 2.3125 2.5876 2.703 2.8187 3.191 3.2073 
1.5274 1.5319 2.2796 2.374 2.4409 2.4566 2.7579 3.0521 3.1243 
0.6485 1.7125 1.9155 2.0391 2.0792 2.4867 2.5296 2.7106 2.7441 
1.181 1.2589 1.7124 1.9702 2.0231 2.3751 2.6041 2.7634 2.8928 
1.0776 1.7841 1.8295 2.173 2.2631 2.3215 2.4842 2.4937 2.6645 
0.9578 1.5157 1.8383 2.1421 2.2743 2.4341 2.5585 2.6753 2.7478 
0.8844 1.8178 1.9836 2.0123 2.0975 2.3009 2.3294 2.3531 2.6042 
1.0672 1.6627 1.9422 2.024 2.1909 2.1937 2.3914 2.4418 2.6602 
1.4965 1.5008 1.6184 1.7908 1.8181 2.2631 2.3774 2.5703 2.6426 
1.5008 1.5284 1.708 1.9197 2.1588 2.3252 2.3716 2.4795 2.6787 
0.9221 1.7381 2.0651 2.1391 2.2161 2.3277 2.5259 2.5797 2.6206 
0.8947 1.8146 1.9253 1.9584 2.149 2.2768 2.3663 2.5259 2.5606 
0.933 1.8585 2.1201 2.1459 2.1677 2.2284 2.3221 2.3547 2.3901 
1.1471 1.7513 2.0087 2.2042 2.2255 2.3048 2.3784 2.4446 2.4828 
1.3937 1.403 1.8385 1.9795 2.0573 2.0936 2.1517 2.2434 2.3344 
1.3915 1.4484 1.7683 1.8512 1.9125 2.0312 2.1171 2.1854 2.2033 
1.1744 1.2385 1.3742 1.7746 1.8556 1.8728 1.9554 2.0652 2.2706 
0.8917 0.9746 1.891 1.9441 2.1091 2.1238 2.141 2.1577 2.1764 
0.8712 1.0847 1.7724 1.951 1.9689 1.9839 2.1595 2.2208 2.2417 
1.1537 1.2583 1.4279 1.7702 1.9739 2.0304 2.0331 2.0841 2.1936 
1.1592 1.5198 1.6412 1.6633 1.9815 2.0097 2.1073 2.1199 2.2317 
1.4783 1.592 1.5934 1.6116 1.884 2.0244 2.0949 2.1866 2.3012 
1.3685 1.6663 1.7164 2.0382 2.1333 2.1405 2.221 2.3678 2.5029 
1.1994 1.5536 2.0038 2.0765 2.23 2.2537 2.2697 2.3028 2.3418 
1.0591 1.786 2.0285 2.051 2.4953 2.535 2.6053 2.6082 2.6502 
1.1765 1.7166 2.1112 2.1685 2.4288 2.5078 2.7173 2.7296 2.8155 
1.2758 1.8129 1.9485 1.9499 1.9849 2.1099 2.2127 2.5781 2.6858 
1.3718 1.7205 1.8097 2.1381 2.1567 2.1757 2.2785 2.3162 2.3706 
0.8313 2.1363 2.1399 2.3503 2.4734 2.5054 2.5402 2.5875 2.6626 
1.1862 1.2897 1.8296 2.1968 2.3576 2.3908 2.5361 2.7008 2.7188 
0.5522 1.6463 1.9705 1.9941 2.1412 2.441 2.6872 2.688 2.7426 
1.1351 1.4959 1.5074 1.6774 1.9096 2.383 2.6232 2.8154 2.8357 
1.0053 1.7476 2.0689 2.0865 2.0932 2.0941 2.391 2.5138 2.6594 
0.9126 1.5941 2.0333 2.0691 2.1307 2.2821 2.4521 2.6039 2.6103 
1.013 1.8539 1.8754 1.9517 2.121 2.2197 2.2787 2.3488 2.5143 
1.1304 1.8279 1.9293 1.9529 2.0321 2.1309 2.2174 2.3603 2.366 
1.3803 1.4843 1.6546 1.8057 1.9943 2.3228 2.3312 2.4857 2.5255 
1.3196 1.5304 1.6436 1.9999 2.3044 2.3608 2.5307 2.5362 2.548 
0.9712 1.5938 2.2122 2.2187 2.2601 2.2793 2.4748 2.5871 2.6634 
0.9242 1.7175 2.0799 2.1994 2.2077 2.2244 2.3258 2.5587 2.6411 
1.0313 1.9809 2.0623 2.085 2.1211 2.3986 2.4048 2.4475 2.4857 
1.4367 1.8627 1.9299 2.2547 2.2815 2.4726 2.4829 2.5418 2.5925 
1.2295 1.8196 2.0098 2.0932 2.1622 2.1967 2.2792 2.3609 2.3647 
1.1668 1.639 1.8666 1.9992 2.1418 2.1454 2.241 2.2564 2.2668 
0.9778 1.647 1.6946 1.6999 1.8844 1.9005 2.0676 2.0735 2.1148 
1.1935 1.4386 1.495 1.65 1.8251 1.8326 1.8943 2.0295 2.1183 
1.338 1.3604 1.5353 1.6011 1.6591 1.9257 2.0811 2.0977 2.1658 
1.3207 1.3978 1.4049 1.5196 1.7182 2.0125 2.0383 2.0541 2.0687 
1.2864 1.4207 1.4757 1.6018 1.7739 2.0296 2.0341 2.1977 2.2585 
1.5562 1.6148 1.6414 1.6894 1.8514 2.0282 2.0853 2.2042 2.3293 
1.4448 1.7955 1.8928 2.1392 2.1637 2.2648 2.3138 2.4788 2.4873 
1.2946 1.7248 2.144 2.1492 2.1673 2.2833 2.3185 2.5187 2.5279 
1.197 1.8311 2.011 2.1959 2.2331 2.4565 2.6144 2.7004 2.8499 
1.2836 1.8592 1.9203 2.2844 2.4221 2.584 2.6277 2.789 2.8084 
1.4127 1.8233 1.8672 1.9033 2.059 2.0629 2.244 2.4056 2.4189 
1.4528 1.7775 1.7862 2.0368 2.1141 2.136 2.1564 2.3281 2.3418 
0.9349 2.0552 2.1288 2.2042 2.324 2.3602 2.4898 2.5638 2.5723 
1.2056 1.2332 1.9739 2.0542 2.2387 2.376 2.4645 2.5646 2.608 
0.855 1.2822 1.4924 2.0617 2.2581 2.3344 2.385 2.4322 2.4509 
0.8531 1.4089 1.7831 1.8191 2.0046 2.2718 2.3304 2.4049 2.4947 
1.1166 1.3743 1.5231 1.7198 2.0156 2.0645 2.128 2.2014 2.2851 
1.2607 1.4797 1.486 1.7723 2.0132 2.0153 2.2364 2.3353 2.4429 
1.1271 1.4254 1.7236 1.8624 1.9992 2.0884 2.1891 2.2307 2.2525 
1.2578 1.4025 1.7442 1.8748 1.913 1.9836 2.0039 2.1927 2.2356 
1.2898 1.5208 1.5861 1.6267 1.7456 1.7554 1.8201 1.8302 2.1456 
1.2046 1.4474 1.5576 1.5729 1.7222 1.838 1.8727 1.9467 2.1066 
1.1614 1.7897 1.8099 1.8746 1.8943 1.9024 1.9379 2.1801 2.188 
1.2565 1.7495 1.7846 1.8282 1.9337 1.9494 2.0079 2.2094 2.2437 
1.6826 1.895 1.9011 1.9705 2.001 2.1237 2.2708 2.3686 2.4203 
1.4255 1.8491 1.9169 2.0122 2.0283 2.13 2.1795 2.18 2.3733 
1.1659 1.7966 1.9696 2.007 2.0869 2.0899 2.4182 2.452 2.6773 
1.0713 1.8594 1.8913 1.8917 1.9859 2.0248 2.4299 2.4466 2.6098 
1.4019 1.5903 1.6703 1.8799 1.9383 2.1177 2.2823 2.3738 2.4362 
1.4742 1.6259 1.8134 1.853 1.8591 2.084 2.1141 2.2978 2.3392 
1.3569 1.6103 1.7091 1.8175 1.8942 2.0619 2.2634 2.2638 2.3122 
1.4577 1.4787 1.6904 1.81 1.8532 2.0164 2.0277 2.0344 2.259 
1.5759 1.6055 1.8339 1.9495 1.9859 2.0246 2.0256 2.0659 2.0671 
1.5901 1.886 1.9331 1.9952 2.0603 2.1274 2.134 2.177 2.2428 
1.4871 1.773 1.926 1.9272 2.0157 2.0759 2.2662 2.3565 2.4091 
1.2805 1.8137 1.9123 1.9553 2.1294 2.1537 2.1698 2.3496 2.3837 
1.0994 1.6662 1.8302 1.9801 2.0285 2.1608 2.234 2.3276 2.3745 
1.3262 1.6671 1.8803 1.8906 1.9599 1.9633 2.249 2.2554 2.2705 
0.988 1.0609 1.9535 1.9708 2.0149 2.1242 2.3023 2.3274 2.3459 
1.1206 1.1254 1.5849 1.7614 1.9862 2.0707 2.2325 2.2784 2.479 
1.0268 1.4515 1.8255 1.9235 2.1536 2.2256 2.4252 2.436 2.4752 
1.1251 1.8579 2.0144 2.1084 2.1477 2.1645 2.4511 2.4683 2.5012 
0.9179 1.2819 1.5352 1.9055 2.0667 2.3244 2.3524 2.4589 2.4929 
0.8847 1.6884 1.7081 1.8535 1.9812 2.2224 2.2571 2.404 2.4453 
1.1776 1.3712 1.6842 1.8937 1.9545 2.0402 2.2229 2.2327 2.2691 
1.1903 1.5402 1.609 1.7933 1.9401 1.9558 2.1038 2.2666 2.279 
1.128 1.7086 1.9741 2.0489 2.1626 2.1877 2.2304 2.2547 2.2708 
1.5162 1.9507 2.0456 2.2575 2.3671 2.3695 2.3992 2.5315 2.545 
1.6941 1.7367 1.8299 1.916 2.1231 2.215 2.3098 2.3787 2.4079 
1.2578 1.6849 1.7122 1.8972 1.9467 1.963 2.0597 2.2034 2.2276 
0.9373 1.6972 1.805 1.968 1.986 2.0047 2.033 2.0767 2.1506 
1.0934 1.6398 1.6974 1.725 1.8716 1.9557 2.0146 2.023 2.0526 
1.4787 1.5705 1.8363 1.8577 1.8886 1.9252 2.1847 2.2261 2.2563 
1.1155 1.6872 1.8666 1.9252 1.9279 1.9806 2.0502 2.2712 2.2922 
0.8532 1.7547 1.8623 1.9477 2.0524 2.1821 2.2078 2.3151 2.3208 
0.8532 1.6552 1.9094 1.9307 2.1557 2.1768 2.3081 2.3417 2.3753 
1.1917 1.5376 1.8254 1.8471 1.9539 2.0527 2.0573 2.0724 2.2278 
1.4132 1.4192 1.5683 1.7898 1.9697 2.0763 2.1097 2.1151 2.1495 
1.2698 1.4342 1.689 1.8762 1.9342 2.027 2.0443 2.0481 2.2083 
1.4767 1.6039 1.6816 1.7767 1.8211 1.9997 2.0879 2.1436 2.2488 
1.6889 1.7934 1.8675 1.9676 2.0316 2.2291 2.2688 2.3059 2.3068 
1.6218 1.9938 2.1156 2.1253 2.1623 2.1643 2.218 2.2257 2.3705 
1.3687 1.6591 2.0482 2.1359 2.1381 2.1929 2.2687 2.2753 2.2906 
1.1713 1.7895 1.9972 2.1575 2.1909 2.2484 2.2692 2.2697 2.2982 
1.0432 1.5895 1.9092 1.9764 2.0083 2.1119 2.3004 2.3384 2.433 
1.2725 1.3769 1.8999 1.973 2.1928 2.2947 2.318 2.3338 2.3424 
0.7668 1.462 1.9441 2.1551 2.2807 2.3338 2.3486 2.4841 2.6759 
0.8712 1.4736 1.5401 2.029 2.1851 2.2763 2.3427 2.4674 2.6073 
0.8588 1.7889 1.8867 1.9972 2.0911 2.2465 2.4313 2.4778 2.5327 
1.1782 1.6754 1.9487 2.1017 2.2053 2.4155 2.4934 2.5182 2.6908 
0.7499 1.5237 1.6756 1.7102 2.0731 2.1424 2.1771 2.2327 2.2918 
1.5955 1.6388 1.6467 1.6579 2.2391 2.2751 2.3083 2.5197 2.656 
1.4756 1.5101 1.8287 1.8367 1.9609 1.9863 2.0521 2.1599 2.2325 
1.576 1.5852 1.5893 1.7084 1.8139 1.9407 2.0022 2.0303 2.08 
1.3968 1.4712 1.7077 1.7937 2.2413 2.4245 2.4459 2.4878 2.5466 
1.5532 1.5941 1.8801 2.6148 2.7454 2.7536 2.9231 2.963 3.1613 
1.3856 1.4652 1.7357 2.2211 2.5106 2.6333 2.7607 2.7879 2.9008 
1.4856 1.6184 1.6817 1.7491 2.0018 2.2846 2.3236 2.3334 2.3605 
1.1088 1.4842 1.6509 1.688 1.8979 1.92 1.9276 2.0205 2.027 
0.8556 1.3625 1.4021 1.7226 1.8726 1.9739 2.0045 2.0687 2.17 
0.8876 0.9892 1.2898 1.9422 2.0006 2.2408 2.248 2.2999 2.3118 
0.7909 0.9757 1.2426 1.9287 2.1248 2.1823 2.2215 2.2529 2.2892 
0.5881 1.2435 1.2644 2.0265 2.0629 2.3074 2.3415 2.3538 2.4507 
0.5431 1.2882 1.3365 2.0226 2.1429 2.331 2.3654 2.4111 2.5418 
0.8702 1.0137 1.3303 1.8366 2.1786 2.1897 2.2334 2.4215 2.4435 
0.9511 1.1153 1.2819 1.6332 2.0656 2.1504 2.175 2.3469 2.4465 
0.8108 1.1905 1.4881 1.5946 1.7224 1.956 2.1808 2.273 2.3127 
0.7872 1.3017 1.4724 1.6243 1.7354 1.8607 2.2767 2.3161 2.3811 
0.8933 1.4915 1.6389 1.6665 1.6801 1.7903 2.3845 2.3988 2.4084 
0.9718 1.2183 1.6122 1.6975 1.7492 1.8327 2.2611 2.3162 2.3477 
0.9389 1.2616 1.54 1.5744 1.735 1.8565 1.8955 1.9328 2.0009 
1.143 1.3873 1.3987 1.7696 1.8923 1.9122 1.9417 1.9609 1.9747 
1.05 1.5781 1.6697 1.7503 1.8374 1.9687 1.9699 1.9717 2.0435 
0.9431 1.5638 1.6346 1.6441 1.7532 1.7822 1.8904 2.018 2.1569 
0.907 1.259 1.8463 1.9482 1.9513 2.1061 2.1375 2.1491 2.2082 
0.5563 1.4106 1.8487 1.9866 2.1294 2.1641 2.2186 2.2754 2.4013 
1.1463 1.9476 1.9612 2.2805 2.3164 2.5021 2.5808 2.7216 2.7355 
1.336 1.7018 1.8103 1.9627 2.1657 2.2425 2.3463 2.6285 2.651 
1.1101 1.1632 1.5186 1.8259 2.0331 2.2899 2.3924 2.4114 2.4452 
0.6797 1.5326 1.6146 1.7318 2.0901 2.1907 2.2037 2.2182 2.2549 
1.1602 1.2049 1.417 1.7514 1.8407 1.958 2.0544 2.2044 2.3551 
1.1845 1.2154 1.3571 1.641 1.8549 1.936 1.9849 2.1528 2.3588 
0.833 1.4398 1.6344 1.6722 2.1807 2.2349 2.3033 2.369 2.5998 
0.5964 2.2397 2.2679 2.2705 2.2727 2.6132 2.6624 2.7566 2.9742 
0.4537 1.7918 1.8214 2.065 2.1509 2.3769 2.6008 2.6805 2.6969 
0.8838 1.2116 1.4119 1.8172 2.1102 2.1585 2.2933 2.3469 2.3896 
1.0278 1.1036 1.6077 1.6803 1.8637 1.8813 2.1849 2.2016 2.2152 
0.933 1.1186 1.6734 1.7319 1.8086 1.8796 2.0149 2.1609 2.2942 
1.119 1.3124 1.6025 1.658 1.7743 2.0359 2.1658 2.2042 2.3496 
1.0934 1.3507 1.5475 1.7011 1.8496 2.024 2.168 2.1939 2.375 
1.1796 1.4514 1.4843 1.7663 1.9895 2.0671 2.2968 2.3456 2.445 
1.1879 1.4707 1.4932 1.7435 2.0418 2.1614 2.2712 2.331 2.4529 
1.0475 1.4669 1.7131 1.7218 1.8205 1.9388 2.2168 2.2212 2.3122 
1.0481 1.4736 1.6947 1.7775 1.8067 1.868 2.1504 2.1942 2.2172 
0.9596 1.1802 1.6108 1.6665 1.6937 2.0011 2.0837 2.1221 2.1494 
0.9156 1.1471 1.7021 1.7377 1.8254 1.9336 2.0613 2.0909 2.1902 
0.6854 1.1851 1.7069 1.8122 1.8625 1.8944 2.0619 2.0876 2.2023 
0.6011 1.1971 1.7257 1.8241 1.9081 1.9207 1.9237 2.0304 2.2073 
0.5539 1.2046 1.6175 1.6856 1.8576 1.8707 1.8797 2.0573 2.1661 
0.6352 1.2159 1.581 1.7822 1.8325 1.8443 1.9666 2.1201 2.1881 
0.8137 1.482 1.6519 1.699 1.7128 2.033 2.2964 2.4037 2.4256 
0.7565 1.5324 1.5891 1.6636 1.7446 2.1237 2.3015 2.3964 2.4351 
1.2855 1.4666 1.5357 1.6606 1.9821 2.313 2.3385 2.4883 2.5766 
1.3577 1.4005 1.4349 1.6158 2.0341 2.2863 2.4086 2.447 2.4483 
1.1913 1.6484 1.8196 1.8437 1.8662 2.1386 2.3625 2.4536 2.5023 
1.533 1.6042 1.8607 2.0587 2.1002 2.1914 2.3864 2.6914 2.7092 
