0.2155 1.9824 2.2259 2.4362 2.4437 2.4437 2.9336 2.9651 3.0291 
0.7286 1.5565 1.8034 1.956 2.03 2.2755 2.5021 2.589 2.6015 
1.1874 1.7908 1.8272 1.9584 2.2303 2.3001 2.4433 2.4651 2.5469 
1.1845 1.8183 1.9641 2.0275 2.0908 2.4692 2.4774 2.4914 2.5099 
1.4222 1.511 2.0086 2.0495 2.1016 2.1517 2.3291 2.3901 2.4313 
1.4798 1.5608 1.9173 2.0591 2.1214 2.1404 2.3645 2.418 2.458 
1.3388 1.5968 1.6405 1.8684 2.0757 2.1584 2.1728 2.3259 2.4238 
1.3062 1.5657 1.7235 1.8656 2.0261 2.0901 2.0949 2.3036 2.4234 
1.2159 1.6528 1.7499 1.8188 1.9319 2.0132 2.2386 2.2873 2.3374 
1.2142 1.6637 1.6848 1.8172 1.9401 2.0038 2.213 2.2386 2.2452 
1.2754 1.5684 1.6419 1.8257 1.835 2.1221 2.1595 2.1764 2.1876 
1.3245 1.4597 1.674 1.7758 1.8628 2.0395 2.1748 2.2088 2.2103 
1.2872 1.5175 1.6666 1.8494 1.8701 2.2056 2.2091 2.2133 2.2358 
1.2459 1.5806 1.6408 1.8092 1.8585 2.0591 2.162 2.2432 2.2514 
1.1338 1.727 1.7532 1.7964 1.832 1.8892 2.1999 2.2259 2.3743 
1.0808 1.8116 1.8268 1.8293 1.8349 1.8369 2.285 2.3244 2.4087 
0.9637 1.7496 1.7758 1.8571 1.8676 1.9566 2.3152 2.4265 2.4758 
0.9678 1.7244 1.8236 1.8703 1.9173 2.0253 2.3403 2.3847 2.4451 
1.1309 1.5639 1.6997 1.7534 1.8692 1.9438 2.0 2.0704 2.1483 
1.1403 1.5417 1.5659 1.7388 1.8283 1.8537 1.9445 2.0455 2.1443 
0.9943 1.5921 1.6821 1.7133 1.8789 1.9247 2.1485 2.1862 2.2331 
1.1302 1.5457 1.6684 1.7112 1.8228 1.9512 2.1516 2.2022 2.266 
1.349 1.4754 1.8184 1.8208 1.9133 2.1118 2.1144 2.1205 2.2828 
1.4331 1.6782 1.767 1.7706 1.8155 2.0496 2.0951 2.1469 2.3066 
1.5745 1.6803 1.7015 1.7236 1.8123 1.8734 2.1645 2.3033 2.3448 
1.6795 1.6798 1.7641 1.7762 1.8719 1.9181 2.3079 2.3126 2.3377 
1.4056 1.4682 1.8208 1.9259 1.9512 2.2657 2.4464 2.4804 2.4849 
1.0316 1.7369 1.7929 2.1361 2.2074 2.6072 2.6423 2.6616 2.8335 
0.7408 1.5788 1.9239 2.0535 2.1197 2.1422 2.3261 2.4846 2.6858 
0.9211 1.6224 1.8642 2.2454 2.3523 2.3788 2.6602 2.8498 2.8657 
1.2071 1.4183 1.6869 1.9728 2.18 2.3306 2.4265 2.6507 2.6709 
1.2166 1.4171 1.7664 1.8984 2.2353 2.2633 2.3766 2.414 2.6175 
1.1882 1.4217 1.8418 1.9765 2.1011 2.1986 2.2212 2.4362 2.4722 
1.2015 1.2858 1.8458 1.9519 2.1427 2.2391 2.3161 2.3266 2.4241 
0.8966 1.2721 1.7986 1.9466 2.044 2.0842 2.2395 2.2453 2.3407 
1.0006 1.221 1.8775 2.0401 2.0426 2.0643 2.1038 2.3055 2.3185 
1.1187 1.303 1.9152 2.0043 2.0753 2.2306 2.2756 2.297 2.3418 
1.0368 1.3137 1.7835 1.8504 2.1224 2.2303 2.2771 2.295 2.3318 
1.0 1.5256 1.5864 1.7239 2.1531 2.2171 2.2868 2.3245 2.3283 
1.0779 1.4551 1.5804 1.8611 2.0687 2.2113 2.2966 2.3635 2.3738 
1.3331 1.5089 1.7014 2.1348 2.1882 2.1893 2.3667 2.3902 2.4203 
1.3722 1.3822 1.8698 2.1827 2.2025 2.2698 2.2865 2.3419 2.3501 
1.2078 1.3399 2.0183 2.0746 2.1692 2.2051 2.2056 2.318 2.3902 
1.1229 1.298 1.9977 2.0055 2.0746 2.095 2.253 2.2631 2.4638 
0.9983 1.3819 1.859 2.0803 2.0835 2.1446 2.1566 2.4357 2.4495 
1.0416 1.4293 1.8142 2.0105 2.1146 2.2672 2.271 2.3784 2.4542 
1.3091 1.3322 1.4461 1.906 1.9675 2.1664 2.3093 2.3793 2.4072 
1.1652 1.4226 1.4677 1.8012 1.8292 2.0597 2.1856 2.2021 2.213 
1.1733 1.4574 1.669 1.6943 2.0022 2.0135 2.0199 2.0449 2.1122 
1.042 1.6362 1.6495 1.7954 2.0152 2.0217 2.052 2.1223 2.1463 
1.3131 1.5232 1.8906 1.9045 1.9852 2.0567 2.094 2.0966 2.1062 
1.2783 1.7193 1.7969 2.0345 2.0875 2.1267 2.2099 2.223 2.3599 
1.1976 1.7215 2.089 2.1067 2.1085 2.1216 2.1279 2.1504 2.1963 
1.2317 1.9349 1.9393 2.0243 2.043 2.1203 2.1358 2.2844 2.3011 
1.2888 1.7437 1.8552 2.0324 2.1193 2.2323 2.4564 2.4742 2.5308 
1.5126 1.5446 1.6398 1.9498 1.9915 2.3908 2.4138 2.4292 2.5131 
1.3941 1.4405 1.8607 2.1013 2.1425 2.2673 2.2721 2.5184 2.7319 
0.8944 1.624 1.6591 1.8458 1.9585 2.4382 2.448 2.4544 2.6619 
1.388 1.66 1.861 1.8771 1.994 2.1538 2.4133 2.6318 2.6729 
1.4352 1.5234 1.8596 2.0208 2.1862 2.2337 2.36 2.529 2.6522 
1.0943 1.958 1.9689 2.0414 2.2384 2.2396 2.2801 2.2905 2.5115 
1.0588 1.8555 1.8738 1.9515 1.982 2.1999 2.2187 2.2425 2.2971 
1.3281 1.4274 1.6836 1.7722 1.8507 1.8627 1.9713 1.9802 2.0464 
1.1675 1.5621 1.6647 1.7929 1.8628 1.885 2.0338 2.0987 2.2093 
1.5735 1.6447 1.7315 1.8309 1.8507 1.8947 2.1032 2.1493 2.1654 
1.4412 1.627 1.7526 1.7625 1.8063 1.9275 2.0157 2.0223 2.1166 
1.3948 1.7078 1.8281 1.8407 1.8871 1.899 1.9988 2.1369 2.1614 
1.4917 1.5189 1.6732 1.846 1.8986 2.0229 2.1503 2.2843 2.286 
1.2751 1.4114 1.5506 1.7657 1.855 2.005 2.0083 2.1451 2.3081 
1.2774 1.4223 1.6223 1.6402 1.7144 1.8665 1.9392 2.0206 2.1806 
1.1471 1.2445 1.3882 1.5423 1.6205 1.7331 2.052 2.1415 2.162 
1.1681 1.2125 1.2393 1.5693 1.6055 1.7671 2.1119 2.1715 2.1758 
1.1982 1.2603 1.4159 1.5555 1.7868 1.9964 2.0573 2.0872 2.2951 
1.3295 1.4044 1.539 1.6166 1.8771 1.9749 2.0533 2.1668 2.3178 
1.2641 1.357 1.6659 1.6971 1.8549 1.8817 1.9173 2.2759 2.2898 
1.1664 1.6158 1.8311 1.9172 2.0488 2.0798 2.1153 2.1411 2.2456 
1.5738 1.6935 1.7547 1.8095 1.9381 2.2361 2.4023 2.4271 2.4538 
1.4963 1.5568 1.6497 1.9449 2.0037 2.2247 2.2743 2.3418 2.38 
1.6943 1.8729 1.9037 2.0545 2.112 2.2203 2.3872 2.4031 2.4233 
1.5443 2.0067 2.2429 2.2725 2.2857 2.2864 2.5053 2.5349 2.5672 
1.578 1.5992 2.1825 2.1966 2.2159 2.2179 2.2366 2.2475 2.297 
1.5838 1.6303 1.9988 2.1421 2.1797 2.2132 2.2459 2.2638 2.3058 
1.5874 1.6161 1.7174 1.7341 1.9668 2.0926 2.1516 2.2304 2.2471 
1.0237 1.8015 1.9145 1.9607 1.9915 2.137 2.1954 2.2487 2.3025 
1.3691 1.497 1.757 2.018 2.3229 2.3279 2.604 2.7255 2.8319 
0.6605 1.5189 1.9082 2.0484 2.1605 2.2744 2.3685 2.3775 2.476 
1.4369 1.507 1.721 1.8132 1.8926 2.0143 2.2589 2.4947 2.6345 
1.2747 1.6937 1.8884 1.9403 2.1467 2.1521 2.2228 2.4166 2.6098 
0.9538 1.8213 2.0393 2.104 2.1148 2.1341 2.3314 2.4144 2.4592 
0.8561 1.6584 2.0037 2.0433 2.1378 2.1567 2.1991 2.298 2.3133 
1.1972 1.3075 1.7878 1.8294 1.8838 2.0735 2.1131 2.2111 2.224 
1.2156 1.5423 1.7966 1.8872 1.9089 2.311 2.3145 2.3528 2.4609 
1.4657 1.6489 1.7998 1.9588 1.9879 2.0938 2.4073 2.4387 2.4999 
1.3043 1.6444 1.9755 2.0025 2.0341 2.1633 2.3468 2.3679 2.4093 
1.1692 1.8859 1.8888 1.9921 2.0943 2.1075 2.1233 2.2307 2.3335 
1.2783 1.6328 1.7192 1.8837 2.0153 2.1304 2.1574 2.1974 2.2271 
1.2562 1.4198 1.471 1.8513 1.9524 2.0242 2.0278 2.1499 2.2605 
1.3801 1.4734 1.4795 1.658 1.7942 1.9342 2.0175 2.0694 2.1647 
1.0383 1.1315 1.5302 1.6773 1.718 1.7453 1.9299 2.1274 2.1337 
0.9986 1.024 1.4442 1.5731 1.6343 1.7705 2.0237 2.0548 2.0955 
0.9741 1.1914 1.4461 1.6068 1.6413 1.9572 2.0828 2.0965 2.1055 
1.0877 1.2549 1.5087 1.5499 1.8123 1.8876 1.9424 1.9426 2.0929 
1.1245 1.4136 1.4588 1.4875 1.6207 1.7519 1.8741 2.0878 2.1448 
0.9756 1.6167 1.6606 1.6895 1.806 1.8824 2.0265 2.2177 2.2457 
1.4238 1.4655 1.9397 2.012 2.0633 2.2721 2.3484 2.4133 2.4215 
1.2928 1.6918 1.8659 2.0011 2.1982 2.2923 2.2964 2.4016 2.4431 
1.5659 1.8126 2.0188 2.1376 2.3261 2.4035 2.465 2.4732 2.5363 
1.8291 1.8463 1.9532 1.9621 2.0452 2.2589 2.4075 2.4144 2.4678 
1.6481 1.7842 1.8196 1.8583 2.025 2.1129 2.1345 2.2192 2.2322 
1.7044 1.762 1.9606 1.9834 2.0615 2.0638 2.0975 2.1804 2.23 
1.4024 1.4441 1.5831 1.8645 1.9367 1.9821 2.0353 2.1862 2.2331 
0.8824 1.7208 1.8664 1.9233 2.0641 2.1318 2.161 2.2672 2.3225 
0.9771 1.7077 2.0168 2.0254 2.0761 2.2639 2.3757 2.4567 2.6732 
0.7747 1.3584 1.8875 1.9483 1.9705 2.2682 2.3215 2.4772 2.5305 
1.654 1.7119 1.8336 1.8996 2.1304 2.166 2.4401 2.4562 2.5659 
1.5277 1.5739 1.7722 1.902 2.1115 2.3333 2.3811 2.4245 2.4603 
0.9175 2.0161 2.1791 2.1797 2.3145 2.3151 2.4085 2.4298 2.4567 
0.7189 2.0384 2.0954 2.123 2.2073 2.227 2.2415 2.3569 2.3941 
1.1998 1.6187 1.6533 1.9911 2.0061 2.1761 2.2148 2.3122 2.4257 
1.5407 1.5507 1.6216 1.8185 2.1583 2.3301 2.3351 2.3457 2.6255 
1.5165 2.0885 2.5459 2.5557 2.7023 2.9835 2.9897 3.002 3.0048 
1.8891 2.278 2.3801 2.4824 3.0395 3.0864 3.0998 3.1147 3.119 
2.2092 2.419 2.7457 2.7641 2.8519 2.9037 2.9287 2.9418 3.0439 
2.3772 2.3952 2.5962 2.6072 2.6284 2.694 2.7483 2.7551 2.874 
1.5312 2.1471 2.1887 2.261 2.4202 2.452 2.4679 2.4795 2.5658 
1.4795 2.0232 2.2087 2.2615 2.3069 2.3246 2.3485 2.3997 2.4399 
1.3386 1.3814 1.685 1.7939 1.9166 2.083 2.1862 2.2671 2.5022 
1.3265 1.4445 1.5836 1.7262 1.7755 2.1278 2.13 2.2772 2.3789 
1.4842 1.5153 1.5524 1.591 1.8392 1.9702 2.2728 2.3499 2.3715 
1.4063 1.4464 1.6275 1.6401 1.8661 1.8954 2.2353 2.3634 2.4872 
1.2428 1.5769 1.6143 1.6578 1.8314 1.9312 2.1351 2.1453 2.2501 
1.4636 1.6525 1.7114 1.8269 1.8554 1.923 2.1107 2.1127 2.2047 
1.4986 2.0191 2.0285 2.2068 2.2095 2.3459 2.4077 2.419 2.4446 
1.7283 1.8095 2.0544 2.1494 2.1877 2.33 2.3447 2.4778 2.5038 
1.5427 1.6191 1.7894 1.8176 1.9059 2.2731 2.3411 2.6973 2.7246 
1.4445 1.4629 1.5486 1.9511 2.0118 2.0432 2.4769 2.4932 2.5103 
1.309 1.837 1.8886 2.0157 2.0971 2.1254 2.1352 2.2696 2.2916 
1.6207 1.9499 2.1586 2.1919 2.2013 2.2236 2.3476 2.4279 2.4682 
0.9441 1.7652 1.8209 2.0031 2.0438 2.1366 2.2284 2.2299 2.2769 
1.1862 1.5587 1.7868 1.7941 2.0005 2.3391 2.3834 2.4606 2.5211 
0.9829 1.545 2.0986 2.1346 2.1943 2.2731 2.5003 2.5107 2.5173 
0.7739 1.6734 1.7798 1.8098 2.2016 2.3571 2.5268 2.5297 2.5339 
1.5816 1.6345 1.9272 2.0078 2.0851 2.1762 2.3491 2.4143 2.5445 
1.2796 1.4536 1.8778 1.8929 2.0555 2.2469 2.3879 2.4197 2.4469 
0.8162 1.9737 1.9815 2.0982 2.1087 2.1341 2.211 2.2384 2.258 
0.8461 1.7455 2.1496 2.1553 2.1568 2.2559 2.2854 2.312 2.3318 
1.4142 1.4514 1.4545 2.0072 2.128 2.2379 2.4073 2.5936 2.6325 
1.3275 1.4942 1.832 1.8485 2.1904 2.3541 2.5096 2.6762 2.6931 
1.6499 1.9555 2.2946 2.6318 2.9418 3.1519 3.2094 3.2125 3.2894 
2.4239 2.6985 2.751 2.8349 3.4871 3.4921 3.7935 3.8203 3.8951 
2.5629 3.0397 3.2422 3.2913 3.5078 3.5812 3.5998 3.6601 3.6818 
2.6188 2.6229 2.6941 2.7277 3.0191 3.1115 3.1364 3.2471 3.4194 
1.9901 2.053 2.0701 2.2036 2.2583 2.4261 2.4542 2.514 2.5926 
1.9115 1.9686 2.1029 2.2433 2.2939 2.3237 2.3622 2.3867 2.4497 
1.3479 1.6016 1.6522 1.755 1.9287 1.9715 2.0747 2.1021 2.5352 
1.4434 1.449 1.6013 1.7769 1.8076 2.0192 2.0882 2.0963 2.5522 
1.4861 1.4938 1.6228 1.675 1.6993 1.8956 2.0869 2.2958 2.3558 
1.3415 1.538 1.5846 1.6873 1.7424 1.7936 2.0465 2.2314 2.3681 
1.1203 1.5218 1.6192 1.6527 1.7367 1.934 1.9535 2.0766 2.2942 
1.211 1.6255 1.6393 1.7126 1.7729 1.9072 1.9671 2.1324 2.29 
1.7511 1.7786 1.9338 1.9902 2.2195 2.2254 2.2376 2.2741 2.3011 
1.6422 1.9041 2.0552 2.1226 2.2551 2.3366 2.3846 2.4111 2.4519 
1.3048 1.7266 1.7693 2.0062 2.2377 2.2436 2.329 2.5821 2.7767 
1.2988 1.5933 1.9149 1.975 1.9889 2.3609 2.4521 2.5101 2.5229 
1.6504 1.7078 1.8541 2.0293 2.0543 2.1397 2.3168 2.3303 2.3366 
1.5768 1.6711 1.9409 1.9504 2.163 2.1697 2.2432 2.3649 2.3878 
0.7511 1.6786 1.681 1.8939 2.0557 2.1336 2.2432 2.3015 2.3509 
1.2531 1.5927 1.6031 1.8588 2.0692 2.2577 2.3001 2.373 2.5956 
1.1857 1.4584 1.9166 2.1184 2.1873 2.7602 2.8258 3.1151 3.1507 
0.9214 1.6193 2.0899 2.1237 2.2577 2.3894 2.4587 2.6312 2.7578 
1.0077 1.7943 2.1003 2.1334 2.1598 2.3048 2.3386 2.3447 2.7436 
0.9653 1.5241 1.8209 1.9183 2.0418 2.1241 2.1538 2.3852 2.6805 
1.3806 1.6925 1.711 1.7622 1.8602 2.082 2.2216 2.4043 2.4229 
1.4126 1.4731 1.5255 1.8421 1.9094 2.1057 2.3035 2.4742 2.549 
1.049 1.6174 2.1407 2.182 2.2514 2.3314 2.4799 2.7313 2.7895 
1.2201 1.6152 2.0475 2.1564 2.2161 2.4905 2.6198 2.6351 2.6829 
2.0843 2.4018 2.4707 2.5398 2.7592 2.8523 2.857 3.0482 3.1336 
2.7911 2.81 3.2386 3.4025 3.4923 3.497 3.6101 3.7027 3.7342 
3.0929 3.2108 3.4141 3.4326 3.5488 3.5584 3.7525 4.0482 4.1602 
2.5441 2.8568 2.995 3.0777 3.0846 3.1795 3.4591 3.6434 3.72 
1.6535 1.8632 2.0878 2.5831 2.5868 2.6091 2.6765 2.7371 2.8205 
1.3568 1.7538 2.2398 2.2965 2.4109 2.53 2.6032 2.6827 2.7308 
1.4654 1.6018 1.6866 1.8236 1.874 2.414 2.4231 2.483 2.682 
1.5722 1.7604 1.7628 1.8453 2.0523 2.2416 2.4857 2.5526 2.7071 
1.0899 1.8425 1.8644 1.8834 1.9066 2.1074 2.3453 2.4128 2.5476 
1.0874 1.7681 1.8965 1.9654 1.9845 2.2245 2.2679 2.4828 2.619 
0.9615 1.6469 2.02 2.0807 2.1297 2.2501 2.2604 2.2901 2.3406 
1.0322 1.5727 1.9662 2.0408 2.1926 2.2627 2.3104 2.3319 2.3735 
0.9601 1.1799 1.9577 2.0144 2.2243 2.3418 2.3674 2.4535 2.6483 
1.1964 1.2321 1.4431 2.2856 2.5097 2.5416 2.5583 2.6272 2.7954 
1.0902 1.3208 1.7809 1.9711 1.9898 2.1573 2.6042 2.8223 2.8717 
1.5399 1.8104 1.8703 1.8814 2.3934 2.5346 2.7702 2.8681 2.8909 
1.9461 2.0577 2.1075 2.4333 2.5277 2.5554 2.7672 2.7897 2.8008 
1.8662 2.1612 2.1643 2.1924 2.2902 2.478 2.5322 2.5363 2.6411 
1.2766 1.3657 1.5356 2.1715 2.4641 2.4654 2.5263 2.6154 2.6273 
1.4783 1.9168 1.9294 2.1445 2.1869 2.2911 2.4764 2.5354 2.7925 
1.0659 1.5385 1.6639 2.1614 2.2635 2.8803 2.8942 2.9299 3.1561 
0.7422 1.6921 1.8733 2.0944 2.3689 2.3982 2.4932 2.5723 2.7237 
1.1146 1.1187 1.6809 1.8263 2.2057 2.3679 2.3922 2.4322 2.5148 
1.0765 1.3649 1.7854 1.8945 1.9344 2.302 2.3443 2.5796 2.6741 
0.9583 1.7887 1.8658 2.0232 2.0314 2.2345 2.3174 2.3376 2.404 
1.1466 1.6091 1.8504 2.1045 2.313 2.393 2.4397 2.6307 2.7044 
1.4222 1.4472 2.0993 2.1019 2.2839 2.4969 2.7725 2.8832 2.9918 
1.4682 1.5815 1.956 2.0715 2.2967 2.5856 2.7572 2.7857 2.7863 
2.0008 2.0887 2.3422 2.5906 2.649 2.6696 2.8511 2.9051 3.1098 
2.1991 2.3947 2.5858 2.6766 2.6864 3.1593 3.2711 3.2914 3.3326 
2.2229 2.4817 2.4946 2.8689 2.9281 3.2795 3.3205 3.3452 3.7425 
2.1242 2.4353 2.4683 2.7502 2.8531 2.9822 3.0522 3.1047 3.4673 
1.8747 1.9657 2.3223 2.3621 2.4307 2.5825 2.632 2.6913 2.6925 
1.6381 1.8019 2.121 2.1854 2.2656 2.6292 2.654 2.685 2.8877 
1.2496 1.4315 1.6102 2.0652 2.1491 2.3104 2.6086 2.7711 2.8101 
1.3123 1.4694 1.6937 1.8771 2.1111 2.4212 2.4634 2.7225 2.7799 
0.9862 1.073 1.555 2.15 2.2547 2.2973 2.3707 2.3822 2.4228 
0.8515 1.2055 1.576 2.1731 2.2362 2.2792 2.3116 2.4268 2.52 
0.6509 1.4862 1.6489 1.7714 2.0837 2.1212 2.1347 2.3787 2.4339 
0.6888 1.5864 1.6884 1.7467 2.0176 2.0884 2.2345 2.2346 2.4601 
1.3963 1.5935 1.6283 1.7902 1.8008 1.8955 2.191 2.2857 2.3975 
1.1277 1.6146 1.7368 1.9155 2.0434 2.1711 2.4744 2.5228 2.6026 
0.6257 1.7973 1.8541 2.0713 2.3203 2.4169 2.6998 2.7422 2.7623 
0.9556 1.622 2.1709 2.254 2.4624 2.5696 2.6643 2.7278 2.8326 
1.538 2.0261 2.3553 2.356 2.3625 2.659 2.7288 2.7546 2.802 
1.5209 1.8755 2.3349 2.4209 2.4444 2.4511 2.7401 2.7737 2.8201 
1.1412 1.7158 1.7732 2.172 2.6137 2.9877 3.0452 3.0515 3.1594 
1.7163 1.9556 2.0097 2.2261 2.2628 2.3513 2.3528 2.3652 2.8186 
0.667 2.0244 2.2376 2.5233 2.5503 3.1642 3.3536 3.3682 3.4234 
0.8924 1.6889 2.0557 2.4469 3.0031 3.2998 3.3167 3.3648 3.3886 
1.4389 1.5506 1.9338 2.3856 2.6787 2.7531 2.7654 2.867 2.8999 
1.1642 1.6423 1.9369 1.9653 2.1999 2.4468 3.1251 3.315 3.5042 
0.9288 1.5627 2.0175 2.2238 2.4641 2.477 2.5349 2.6285 2.928 
1.2483 1.2497 1.8501 2.0583 2.2148 2.4512 2.4798 2.51 2.5142 
1.3421 1.8482 1.8794 1.9459 2.1496 2.2758 2.444 2.5504 2.5913 
1.345 1.6463 2.0137 2.0354 2.1067 2.2344 2.3134 2.4641 2.5216 
1.5338 1.8782 2.0122 2.0128 2.0735 2.4562 2.5985 2.6488 2.8853 
1.6847 1.7676 1.9525 1.9585 2.1101 2.3391 2.5478 2.7176 3.0619 
1.7748 1.8801 1.8912 2.195 2.2783 2.4727 2.6682 2.8508 3.1236 
1.7255 1.8177 1.8281 2.1061 2.2542 2.4445 2.7302 2.9055 3.0905 
0.9901 1.8628 2.028 2.2425 2.3882 2.4775 2.5581 2.5605 2.7041 
1.2903 1.5937 1.8559 1.9271 2.1257 2.2859 2.2871 2.7132 3.0628 
1.1361 1.8305 1.9033 2.0896 2.496 2.525 2.5356 2.6023 2.7512 
1.4849 1.5796 1.6695 2.1942 2.3462 2.4522 2.5759 2.6295 2.8137 
1.0214 1.245 1.8218 1.9555 2.0185 2.2698 2.3754 2.3915 2.5402 
1.3545 1.4709 1.4738 1.7458 1.9736 2.2544 2.3274 2.6568 2.7151 
1.1395 1.611 1.7782 1.8407 1.9549 2.1386 2.1731 2.6082 2.6567 
1.1801 1.5459 1.7341 1.7514 2.1969 2.3453 2.4032 2.63 2.6807 
1.3866 1.9136 1.9704 1.987 2.3506 2.3845 2.3955 2.4996 2.5068 
1.5622 1.9387 2.0664 2.1275 2.1583 2.3685 2.5119 2.5123 2.601 
0.9907 1.5074 1.9235 2.4593 2.4777 2.4969 2.8913 3.0151 3.044 
1.0358 1.3527 2.0028 2.2868 2.5241 2.7049 2.8295 2.8993 3.0618 
1.0185 1.8626 2.2926 2.3003 2.3372 2.3467 3.1365 3.2138 3.2388 
1.2995 2.0081 2.1502 2.3542 2.527 2.8851 3.07 3.1749 3.1877 
0.4361 1.4893 2.0159 2.0432 2.3013 3.0799 3.2698 3.5242 3.8628 
1.0667 1.5013 1.5171 2.5452 2.5634 2.7615 2.8118 2.9142 3.4627 
0.9509 1.9013 1.9429 2.6299 2.9207 3.4768 3.5652 3.5662 3.5706 
1.4386 1.6883 2.3712 2.7907 2.9594 3.051 3.2105 3.7134 3.8443 
0.8203 1.3599 1.9809 2.886 3.1367 3.5883 3.6916 3.72 3.7392 
0.8287 1.7575 2.4029 2.552 2.7167 2.903 3.0186 3.1089 3.8223 
1.3997 1.5592 1.7507 2.1824 2.2516 2.5918 2.8348 2.8398 3.1748 
1.9398 1.9998 2.0552 2.1408 2.1825 2.2978 2.3104 2.7624 2.9636 
1.6441 1.8398 1.953 1.9605 2.0631 2.5601 2.6786 3.0275 3.1154 
1.752 1.7586 1.817 1.8235 1.9734 2.2467 2.2838 2.7079 2.8498 
1.6248 2.0542 2.0593 2.0854 2.343 2.4802 2.4943 2.5497 2.5705 
1.3572 1.8338 2.1766 2.289 2.3242 2.4665 2.614 2.699 2.9047 
1.2873 2.1116 2.18 2.3393 2.8958 3.0042 3.1798 3.2221 3.3164 
1.2221 1.988 2.3993 2.5385 2.7013 2.8522 2.937 2.9831 3.2736 
1.4323 1.648 1.745 1.9073 2.3053 2.3614 2.4955 2.8477 3.2119 
0.8884 2.045 2.1615 2.1707 2.1728 2.3119 2.4324 2.5023 2.7116 
1.3053 1.6393 1.87 2.0316 2.2851 2.3365 2.5816 2.6036 2.8165 
1.1335 1.3677 1.7564 2.1421 2.3578 2.4967 2.6507 2.874 3.0316 
1.4765 1.6275 1.7014 1.9753 2.0752 2.2481 2.3166 2.6266 2.9152 
0.9633 1.8581 1.8998 2.1983 2.2584 2.2964 2.4921 2.5226 2.5912 
1.4308 1.4837 1.5866 1.8271 2.3973 2.4473 2.4643 2.5238 2.6701 
1.296 1.6718 1.8176 1.8769 2.1279 2.498 2.5128 2.5498 2.5917 
1.5926 1.6533 1.8533 1.9373 1.9648 2.1804 2.3233 2.376 2.669 
1.528 1.59 1.8161 1.8984 2.0477 2.164 2.3253 2.5589 2.573 
1.0753 1.6794 1.8071 2.0354 2.1263 2.1445 2.4044 2.414 2.4204 
1.4597 1.6203 1.7215 1.892 1.9227 1.9383 2.3399 2.6211 2.7753 
1.0326 1.6778 2.1982 2.6046 2.628 2.8952 3.1276 3.4163 3.6261 
0.9116 1.6703 2.3555 2.9803 3.3754 3.4976 3.5388 3.7425 3.8038 
1.3891 1.4308 1.9629 2.3661 2.4626 2.6739 4.041 4.3487 4.6698 
0.5274 1.6575 2.1726 2.5433 2.832 3.4803 3.6799 3.8179 3.8851 
0.8992 1.8706 2.4666 3.0576 3.0719 4.1823 4.3079 4.6645 4.7339 
0.2787 2.7051 2.9415 3.3214 3.5889 4.2367 4.2927 4.3961 4.7899 
1.2849 1.7501 2.0461 2.9925 3.1881 3.2176 3.3472 3.3714 4.021 
0.3696 2.5038 2.5694 2.7163 2.9822 3.0133 3.1612 3.3905 3.435 
1.1798 1.7759 1.9414 2.0745 2.2017 2.2296 2.4361 2.5391 3.1291 
0.8901 1.8549 2.4504 2.4841 2.5347 2.5566 2.6759 2.7184 2.8028 
1.2628 1.3766 2.119 2.4612 2.5574 2.6082 2.6887 2.6904 2.7156 
1.0215 1.4431 2.0216 2.2525 2.2749 2.4204 2.4472 2.6 2.7981 
1.2712 1.3348 1.5404 1.656 1.8856 2.182 2.1937 2.2481 2.2859 
1.3596 1.3821 1.4571 1.7019 1.9665 2.0832 2.0995 2.1892 2.5225 
1.14 1.2239 1.8776 1.9803 2.1278 2.1479 2.3222 2.3547 2.4265 
1.3858 1.5366 1.5727 1.7194 1.9953 2.0769 2.2622 2.6206 2.6404 
0.9754 1.2838 1.947 2.1133 2.5516 2.6761 2.7764 2.881 2.9627 
0.7531 1.9231 1.9887 2.3193 2.3326 2.3649 2.4838 2.8583 2.9587 
0.6463 1.5813 1.7667 2.0731 2.1943 2.4403 2.4616 2.4633 2.4678 
1.2432 1.6384 1.779 1.8388 1.8401 2.3685 2.4071 2.4255 2.5536 
1.1708 1.7307 2.0036 2.0958 2.2289 2.3257 2.4549 2.6278 2.6894 
1.0016 1.3763 1.7634 1.8766 1.9111 2.1701 2.2482 2.5147 2.6009 
1.1575 1.6374 1.9741 2.1872 2.2388 2.2779 2.533 2.6012 2.7263 
1.1854 1.5723 1.805 2.1072 2.368 2.512 2.5853 2.5987 2.6075 
1.0958 1.8716 2.0209 2.208 2.2792 2.2883 2.3697 2.4084 2.5411 
1.0208 1.7193 2.0884 2.1477 2.2692 2.3228 2.5293 2.5558 2.5722 
1.0318 1.584 1.812 1.8242 1.8891 2.3448 2.4085 2.6039 2.6848 
0.7578 1.2643 2.0238 2.0699 2.4339 2.6406 2.6558 2.6681 2.7815 
1.4491 1.6343 1.9992 2.137 2.145 2.6028 2.7136 2.9825 3.151 
1.1323 1.7659 2.1405 2.5207 2.5641 3.0037 3.0712 3.1037 3.2149 
0.3936 2.4147 2.8813 3.074 3.4621 3.7539 4.0381 4.4759 4.5735 
1.4406 1.791 1.9669 3.7274 3.75 3.8279 4.0047 4.1899 4.3524 
1.3929 1.7721 2.0063 3.4385 3.8008 4.4021 4.5669 4.7768 5.3182 
0.9367 1.5234 3.3169 3.4155 3.9391 4.1002 4.4562 4.6231 5.2012 
0.7262 1.8481 2.3693 2.3745 2.7935 2.868 3.2876 3.7526 3.9412 
1.4141 1.5943 1.7653 1.8045 2.3004 2.8874 2.9197 3.3467 3.386 
1.0078 1.6283 1.984 2.3681 2.498 2.5008 2.7617 2.7689 2.9441 
1.2082 1.8068 1.8738 2.339 2.3401 2.4517 2.5126 2.8656 3.0581 
1.4255 1.5252 1.6977 1.9654 1.9837 2.208 2.2848 2.3113 2.5297 
1.2674 1.4276 1.8441 1.8907 2.1012 2.1774 2.2507 2.3129 2.4616 
0.934 1.4155 1.7165 1.8047 2.0788 2.0868 2.3093 2.4102 2.4565 
0.9485 1.4857 1.9377 1.9587 1.9814 2.1182 2.4481 2.4751 2.5327 
1.2907 1.7043 1.713 1.7816 1.8736 1.9446 2.1226 2.2245 2.3267 
0.9775 1.5003 1.8434 2.0923 2.1516 2.1944 2.2341 2.2717 2.2858 
1.2531 1.3971 1.6469 1.9786 1.999 2.0338 2.1852 2.2243 2.2965 
1.2828 1.3326 1.4755 1.7642 2.2548 2.3099 2.43 2.4332 2.819 
1.391 1.579 1.6899 1.7552 1.8557 2.0715 2.3271 2.5681 2.5732 
1.4676 1.4872 1.6121 2.1391 2.3869 2.4834 2.557 2.5756 2.584 
1.0834 1.3981 1.4804 1.9068 2.0044 2.0242 2.1641 2.2937 2.5156 
0.7026 1.4861 1.623 1.6797 1.9046 1.9191 1.9908 2.063 2.3868 
1.126 1.3937 1.5716 1.7394 2.3068 2.3365 2.3901 2.5284 2.5392 
0.944 1.4687 1.8209 1.9254 2.2083 2.2883 2.304 2.4795 2.6801 
1.1595 1.6809 1.7231 1.7393 1.769 1.9753 2.3233 2.468 2.5369 
1.3386 1.7074 1.7581 1.7689 1.8422 1.9176 2.3157 2.3534 2.5501 
0.9959 1.2983 1.7368 1.9997 2.089 2.103 2.2516 2.5069 2.5685 
1.209 1.3979 1.7408 1.7433 1.8136 2.3299 2.4137 2.587 2.7537 
0.9614 1.4872 2.4845 2.5854 2.6389 2.6514 2.6837 2.6963 2.7712 
1.4083 1.6988 1.8323 2.2105 2.6516 2.8312 3.11 3.3074 3.3862 
1.3156 1.775 2.3311 2.4819 3.5279 4.026 4.6411 4.7118 5.149 
0.7788 2.4859 2.6397 2.684 3.5463 3.857 4.7392 4.8546 5.2946 
0.9888 2.0491 2.3866 3.0204 3.3484 4.2649 4.4737 5.1545 5.5778 
0.3641 2.5812 2.7849 3.3359 3.4595 3.5054 4.39 4.4036 4.5913 
0.7759 1.5852 2.0348 2.0613 2.4099 2.5229 2.9185 2.9511 3.4078 
0.9311 1.4929 1.8106 2.0178 2.1099 2.2507 2.6046 2.9278 2.9659 
1.2075 1.8896 2.0705 2.6003 2.6861 2.7239 2.7659 2.8339 2.8589 
0.9652 2.1447 2.26 2.314 2.3405 2.4115 2.8458 2.8535 2.8571 
1.5346 1.5929 1.7412 1.7577 1.8091 2.0296 2.0902 2.2386 2.3332 
1.6519 1.8123 1.8396 1.8606 1.9099 1.94 2.2569 2.3384 2.3768 
1.5337 1.6653 1.7263 1.793 1.8487 2.0649 2.0869 2.125 2.2539 
1.5803 1.742 1.8675 1.9784 2.1215 2.199 2.206 2.2548 2.2776 
1.3226 1.4002 1.8401 1.8814 1.9964 1.9998 2.1144 2.1203 2.2581 
1.3184 1.6425 1.6521 1.9912 2.1055 2.1367 2.1589 2.1883 2.1997 
1.1947 1.3195 2.0071 2.0272 2.0455 2.0731 2.1647 2.2676 2.3278 
1.1463 1.4706 1.8148 1.942 1.9421 2.0181 2.1082 2.134 2.6382 
1.2485 1.3262 1.9998 2.0463 2.1103 2.3424 2.3697 2.5992 2.6254 
1.1557 1.6248 1.6967 1.7671 1.8009 2.2577 2.3708 2.3815 2.5682 
1.2024 1.5876 1.649 1.7974 1.9673 2.0011 2.3778 2.5017 2.542 
1.3192 1.4815 1.9433 1.9926 2.0164 2.101 2.1348 2.2093 2.2356 
1.1775 1.4338 1.6424 1.8979 1.9172 1.9774 2.0313 2.12 2.2265 
1.0514 1.3913 1.6887 1.8775 1.9128 1.9526 2.0205 2.1432 2.2285 
1.1802 1.6303 1.8405 1.8491 2.4248 2.4606 2.5779 2.6977 2.7021 
1.2769 1.6026 1.7785 1.9193 2.2614 2.2752 2.6749 2.8293 2.8404 
1.0959 1.7285 1.9473 2.0026 2.2874 2.3017 2.3809 2.6709 2.6968 
1.3928 1.6909 2.0524 2.0806 2.094 2.1173 2.3478 2.3551 2.4077 
1.1152 1.1219 1.8916 2.1981 2.235 2.4467 2.6507 2.7242 2.8119 
0.9517 1.6573 1.7507 2.1252 2.2931 2.3339 2.379 2.3843 2.4001 
0.655 2.0335 2.2298 2.6233 3.0051 3.1372 3.7767 4.3115 4.3365 
1.104 1.9877 2.1374 2.3848 3.1348 3.7038 3.75 4.1092 4.4463 
1.1518 1.5963 2.6614 2.7036 3.2806 4.2379 4.3378 4.7808 4.8794 
1.3451 1.5101 1.5407 3.2105 3.4033 3.5939 4.1028 4.245 4.3133 
1.2223 1.5698 1.6928 1.8959 2.2387 2.4803 2.6393 2.7722 2.8723 
1.3465 1.5274 1.8612 2.0847 2.2861 2.2968 2.5432 2.5752 2.5932 
1.6461 1.6784 1.8283 1.8438 2.3309 2.4441 2.4753 2.5857 2.5999 
1.5511 1.6665 1.8265 1.8993 2.2826 2.2858 2.3653 2.5586 2.8167 
1.4661 1.6261 1.6565 1.8242 1.8553 1.97 2.0428 2.1071 2.2247 
1.3786 1.7239 1.735 1.7589 1.9347 2.0762 2.1709 2.1834 2.2003 
1.394 1.7215 1.7506 1.8085 1.9556 1.9661 1.9746 1.9821 1.9912 
1.5857 1.9072 1.9098 1.9098 1.9977 2.0243 2.0259 2.1043 2.1085 
1.3752 1.5327 1.5885 1.784 1.7896 1.9775 2.0792 2.0943 2.1003 
1.5346 1.6235 1.6527 1.6851 1.6898 1.7213 1.7542 1.9465 2.1216 
1.4745 1.479 1.6125 1.7602 1.8229 1.8754 2.0227 2.3629 2.3661 
0.9895 1.4884 1.5572 1.6329 2.1209 2.1595 2.2658 2.5147 2.5607 
1.3345 1.9425 1.9474 1.9852 2.0168 2.0269 2.104 2.304 2.5014 
1.2916 1.5373 1.5896 1.6252 1.7541 1.8777 2.045 2.1096 2.1322 
1.0184 1.2778 1.5514 1.6739 1.8394 2.0456 2.066 2.0761 2.1333 
1.2235 1.3742 1.9334 1.9458 1.9643 1.9821 2.0717 2.1125 2.2953 
1.39 1.7923 1.8316 1.8536 2.1254 2.182 2.3592 2.3808 2.5064 
1.5977 1.7582 1.7601 2.004 2.0188 2.0828 2.2511 2.2838 2.3627 
0.7807 0.9348 1.888 1.9285 1.9892 2.0686 2.3264 2.4023 2.4892 
0.8551 0.9456 1.7778 1.8815 2.1607 2.1734 2.2431 2.268 2.6004 
1.5737 1.7399 1.8523 1.8801 1.9817 2.0663 2.0702 2.1501 2.2967 
1.109 1.2624 1.4588 1.6714 1.9063 1.9073 1.9864 2.0916 2.1059 
0.9805 1.3754 1.3863 2.031 2.1131 2.1928 2.1951 2.4094 2.5833 
1.2763 1.4056 1.7303 1.9177 1.956 2.1497 2.1827 2.2225 2.2455 
0.8437 0.9682 1.8159 1.9546 2.2968 2.8049 2.9552 3.0086 3.7769 
1.1625 2.0589 2.0895 2.3962 2.5612 3.0261 3.1089 3.1405 3.5808 
0.4541 1.8759 2.9206 3.1969 3.2425 3.3563 4.1858 4.6837 4.8437 
0.3978 1.6834 2.2512 2.2886 2.6242 3.5296 4.0575 4.0887 4.3784 
1.2728 1.4127 1.5922 2.0498 2.0715 2.2232 2.2738 2.3346 2.4083 
0.9708 1.471 1.913 2.0906 2.2258 2.5292 2.5388 2.5617 2.6066 
1.0378 1.2234 1.5108 1.9584 2.0719 2.1284 2.2973 2.3233 2.3282 
0.8762 1.6243 1.7525 1.8427 1.9598 2.0473 2.1207 2.2712 2.2728 
1.6589 1.6975 1.7054 1.7228 2.0262 2.051 2.1567 2.1828 2.2126 
1.195 1.5774 1.8995 1.9029 1.9295 1.9934 2.0023 2.0128 2.0169 
1.2164 1.7614 1.9283 1.9808 2.0399 2.0591 2.1275 2.1351 2.2812 
1.2771 1.6683 2.0067 2.0458 2.066 2.1163 2.1205 2.277 2.2892 
1.6558 1.7532 1.8523 1.9246 1.9256 1.9281 1.9454 2.0801 2.0817 
1.495 1.6374 1.6488 1.7374 1.8635 1.9671 2.0952 2.1164 2.1583 
1.0462 1.1582 1.2041 1.8889 2.0192 2.0616 2.1081 2.1508 2.1849 
1.1894 1.5788 1.711 1.9016 1.9271 2.0365 2.0616 2.2466 2.4217 
1.3159 1.4193 1.4447 1.6581 1.9759 2.1619 2.1941 2.2594 2.3021 
1.2035 1.4145 1.8636 1.9848 2.2698 2.2886 2.4708 2.5464 2.6237 
1.1339 1.6627 1.9252 2.0415 2.1032 2.1474 2.3107 2.3414 2.5155 
0.8895 1.7334 1.8487 1.9332 2.1412 2.1819 2.1888 2.2981 2.5814 
1.3513 1.5171 1.9697 1.9823 2.0368 2.5723 2.5783 2.6321 2.7054 
1.2181 1.8661 1.9353 2.3185 2.386 2.3876 2.4404 2.4789 2.4996 
1.1321 2.3733 2.3964 2.6018 2.6051 2.6476 2.6964 2.7224 2.9425 
0.9181 2.3359 2.5939 2.6476 2.6887 2.8241 2.8249 2.9619 2.986 
1.0328 1.6577 1.7971 2.0751 2.2235 2.3653 2.5433 2.6668 2.6752 
1.0901 2.0579 2.0645 2.0726 2.0933 2.4228 2.4627 2.6775 2.8395 
1.6529 1.9488 2.053 2.117 2.2381 2.2921 2.3792 2.3921 2.496 
1.2209 1.9306 1.9932 2.2347 2.2634 2.3809 2.383 2.7005 2.7873 
0.9443 1.5058 1.6597 2.2713 2.2915 2.485 2.5523 3.3555 3.3989 
1.0833 1.6268 2.053 2.2448 2.5449 2.7655 3.0411 3.3803 3.6949 
0.9902 1.8876 2.4979 2.8783 3.1122 3.966 4.0625 4.4626 5.0671 
0.7624 1.6151 2.2267 2.6986 2.8612 3.3077 3.729 3.8463 3.8827 
1.038 1.4113 2.2027 2.2213 2.2751 2.4017 2.4181 2.8618 2.8738 
0.9317 1.7178 1.8076 1.9977 2.1824 2.2384 2.4692 2.5468 2.7928 
1.403 1.6837 1.7373 1.757 1.78 1.9691 2.1177 2.1311 2.2058 
1.0696 1.5747 1.7253 1.9004 2.1017 2.1678 2.2925 2.2941 2.4067 
1.417 1.4444 1.7615 1.856 1.8927 1.9978 2.0236 2.0353 2.197 
1.2781 1.4329 1.7181 1.8524 1.9444 2.0513 2.0737 2.0978 2.2086 
1.4529 1.5668 1.8249 1.8892 1.9274 1.9345 1.9663 1.967 2.1844 
1.5042 1.5546 1.7852 1.8315 1.8419 1.9244 1.9257 1.934 2.2006 
1.334 1.6204 1.631 1.8293 1.9528 1.9818 2.2286 2.2328 2.3708 
1.1983 1.4049 1.6139 1.7553 1.9268 1.9368 1.977 2.0259 2.2378 
1.2469 1.3958 1.599 1.7237 1.751 1.8194 2.1038 2.2608 2.2759 
1.2134 1.4995 1.6652 1.7997 1.839 2.0424 2.2344 2.2837 2.434 
0.8362 1.6715 1.8774 2.03 2.0563 2.0862 2.1708 2.397 2.4142 
1.0431 1.5743 1.6661 1.7471 1.7988 1.9307 1.9418 2.0027 2.0795 
1.4231 1.5064 1.5479 1.6902 1.6963 1.6967 1.9485 1.9908 2.0853 
0.8236 1.4146 1.841 1.9593 2.006 2.091 2.1209 2.2306 2.4132 
1.4241 1.4595 1.6096 1.7969 1.8768 1.9568 1.9861 2.2378 2.239 
1.149 1.2462 1.7458 1.8703 1.9569 2.0293 2.0299 2.1709 2.1942 
0.8389 1.7764 1.7962 1.8809 2.112 2.232 2.373 2.4044 2.4957 
1.1337 1.5355 1.7239 1.988 2.0884 2.1939 2.2666 2.3443 2.4191 
1.3043 1.8648 1.8887 2.1499 2.1934 2.3039 2.3275 2.7832 2.9224 
1.3287 1.7774 1.9536 2.0274 2.0417 2.2589 2.3768 2.4835 2.6968 
1.7246 1.8535 1.9127 1.9966 2.3803 2.3974 2.5202 2.8377 2.8423 
1.5771 1.8643 2.196 2.354 2.3819 2.4262 2.4845 2.8226 3.0923 
1.2456 2.2872 2.4467 2.5163 2.5592 3.1047 3.2935 3.4018 4.3865 
0.806 1.8767 2.3357 3.4552 3.597 3.6618 3.6847 3.8156 3.9271 
0.6381 1.9088 2.4944 2.6777 2.8301 3.1708 3.953 4.397 4.7589 
0.6967 1.5002 2.4298 2.528 2.7495 2.8369 3.7126 4.193 4.5771 
0.8045 1.8978 1.963 2.1006 2.3551 2.5681 3.1859 3.4559 3.7888 
0.676 1.4966 1.7256 2.0225 2.4064 2.5616 2.6301 2.743 2.8065 
0.7561 1.3202 1.4538 1.5547 1.7435 1.9637 2.0343 2.1179 2.2841 
0.9524 1.2642 1.4798 2.2595 2.3065 2.3083 2.3767 2.6457 2.6784 
1.1301 1.6126 1.9228 2.0417 2.3285 2.3828 2.3919 2.482 2.4855 
1.1972 1.603 2.0136 2.1209 2.2491 2.2672 2.381 2.3893 2.3929 
1.4172 1.6146 1.835 2.1242 2.1571 2.2988 2.4236 2.4353 2.4753 
1.4242 1.5979 1.8116 2.1045 2.1434 2.2141 2.3913 2.4273 2.428 
1.4877 1.5259 1.5267 1.6476 1.9049 1.9357 1.9804 2.11 2.3167 
1.3438 1.4906 1.7647 1.7767 1.8427 1.8676 2.1501 2.208 2.2993 
1.4074 1.9791 1.9816 2.1991 2.2086 2.3159 2.664 2.6798 2.6888 
1.2819 1.4837 1.7271 1.7927 1.9461 2.1389 2.1835 2.4427 2.6177 
0.9281 1.1557 1.3984 1.8459 2.2731 2.2791 2.3807 2.3883 2.411 
1.1355 1.2539 1.3111 1.8669 2.0587 2.0863 2.277 2.359 2.5206 
1.0712 1.9128 2.1255 2.1857 2.2441 2.6612 2.7098 2.8853 2.981 
1.2076 1.4603 1.732 1.8812 2.1337 2.9284 2.9593 2.9973 3.0012 
1.2448 1.2941 1.7978 2.1382 2.6825 2.7448 3.0735 3.1617 3.1905 
1.1236 1.4516 1.9306 1.9696 2.5124 3.0037 3.0682 3.1632 3.2748 
1.2638 1.9147 2.1296 2.2321 2.5787 2.9626 3.0119 3.0296 3.0789 
1.492 1.5881 2.0217 2.3916 2.6046 3.0013 3.015 3.0672 3.1007 
1.6962 2.303 2.4112 2.6051 2.6841 3.0042 3.0851 3.4821 3.5188 
2.2293 2.4859 2.856 3.0003 3.3072 3.3284 3.5304 3.5578 3.6807 
2.426 2.5371 2.6439 3.4312 3.6542 3.6999 3.8687 3.9688 4.0273 
2.1641 2.3364 2.4568 2.7514 3.1698 3.205 3.3533 3.3655 3.4597 
1.2644 1.725 1.9526 2.7874 3.756 3.8106 3.8817 4.0074 4.5612 
1.6273 2.3916 2.5172 2.62 2.9137 3.8299 3.9508 4.8485 5.3213 
0.8724 1.495 2.2583 2.6234 3.2983 3.5031 4.1944 4.4677 4.6197 
1.1496 1.2321 1.7634 2.3262 2.9668 3.3853 3.7287 3.9455 4.3414 
1.2636 1.3833 1.7888 2.3689 3.0489 3.2632 3.8391 3.906 3.9849 
0.8674 1.843 2.0889 2.1288 2.2866 2.5822 2.6365 3.1536 3.2921 
0.9905 1.4563 1.9645 2.2942 2.3998 2.5161 2.7443 2.9271 2.9397 
1.5775 1.814 2.211 2.216 2.2356 2.3989 2.4455 2.4647 2.6189 
1.5214 1.6581 1.9458 2.087 2.2924 2.3829 2.4539 2.477 2.5827 
1.3765 2.0856 2.1247 2.1308 2.266 2.3247 2.4382 2.5588 2.6138 
1.8238 1.8544 2.1146 2.1369 2.1396 2.1585 2.2385 2.3545 2.4005 
1.7726 1.802 2.0658 2.0796 2.0874 2.2185 2.2603 2.3317 2.4677 
1.2059 1.802 1.9808 1.9848 2.064 2.0836 2.0899 2.1386 2.2832 
1.0297 1.5917 1.9553 1.9615 1.9671 2.0574 2.079 2.0937 2.2514 
0.9945 1.3701 1.602 1.9129 2.0248 2.2644 2.4137 2.5757 2.7244 
0.6111 1.4376 1.6451 1.7507 1.8228 2.0583 2.0869 2.3027 2.3168 
1.0103 1.4935 1.7057 1.7371 1.8487 2.0563 2.0955 2.198 2.2259 
1.1018 1.5236 1.7588 1.7786 1.918 2.1653 2.2089 2.3506 2.3622 
0.8337 1.5895 1.9797 1.9957 2.0947 2.0967 2.3801 2.4276 2.5441 
1.3619 1.4881 1.5762 1.6006 1.8608 2.1321 2.3474 2.4058 2.4172 
0.727 1.759 2.1223 2.4689 2.4884 2.518 2.6081 2.7899 2.8686 
0.7151 1.9219 2.154 2.3643 2.4311 2.5036 2.5765 2.7145 2.7284 
1.3572 1.5934 1.7759 2.0281 2.0633 2.3139 2.8227 2.8484 2.8895 
1.3088 1.7707 2.0462 2.1406 2.4154 2.4742 2.8492 2.9128 3.1446 
1.7092 2.5978 2.6034 2.9777 2.984 3.0478 3.1086 3.2263 3.6171 
2.162 2.5555 3.0596 3.3213 3.3977 3.4062 3.4817 3.504 3.6466 
2.3814 2.7259 2.7755 2.8872 2.9961 3.0214 3.1441 3.2862 3.6592 
2.0021 2.1804 2.5091 2.6361 2.7279 3.0067 3.053 3.3188 3.6374 
1.063 2.1942 2.4033 2.7327 3.2634 3.4461 3.9888 4.4055 4.5339 
0.8262 2.2933 3.5608 3.6987 3.7771 3.7963 4.1582 4.7083 4.894 
0.3298 2.0873 2.3171 2.5839 2.7599 3.4954 3.5969 3.6154 3.9118 
0.2272 2.035 2.6625 2.6764 2.78 2.7848 3.3625 3.562 4.2383 
0.5489 2.2237 2.2521 2.766 3.284 3.4336 3.8074 4.0537 4.057 
1.272 2.3164 2.8244 2.9623 3.2461 3.2772 3.649 3.7183 4.116 
1.0776 1.8161 2.0422 2.0709 2.073 2.814 2.9369 2.9863 3.5309 
1.5 1.675 1.715 1.8308 2.2797 2.4096 2.4819 2.6629 2.7859 
1.6305 1.8882 2.0265 2.0765 2.2567 2.6061 2.6531 2.6673 2.8097 
1.6517 1.696 1.9295 2.0051 2.1699 2.3426 2.3592 2.5875 2.8752 
1.367 1.649 1.7769 2.178 2.2258 2.548 2.5677 2.6077 2.6352 
1.1673 1.6602 1.704 2.1887 2.3278 2.3779 2.5205 2.5227 2.5277 
1.3573 1.4157 1.6531 1.7414 1.877 2.3262 2.4452 2.4563 2.7771 
1.4911 1.6735 1.7958 1.9272 1.943 2.3682 2.4396 2.4632 2.5259 
1.0468 1.0524 1.7678 1.8034 2.0208 2.0918 2.1143 2.1818 2.3972 
1.2265 1.3653 1.4237 1.5031 1.7195 1.8317 1.8596 2.0807 2.5318 
0.8355 1.8177 2.0136 2.1468 2.2154 2.2835 2.3494 2.5409 2.6104 
1.1459 1.51 1.7051 1.9448 2.0035 2.2291 2.4069 2.5001 2.7771 
0.6363 1.3089 1.4355 1.5859 2.151 2.231 2.4281 2.5277 2.5633 
0.8658 1.4602 1.49 1.5183 1.6955 2.2 2.2314 2.803 2.8492 
0.7987 1.2729 1.4232 1.8666 2.3424 2.3498 2.4451 2.5886 2.638 
0.9113 1.3005 1.5022 1.8124 2.2418 2.4353 2.5822 2.5872 2.6072 
1.2593 1.8322 2.1078 2.2143 2.2259 2.3452 2.3488 2.6085 2.8274 
1.5392 1.8507 2.1201 2.153 2.3164 2.6022 2.8889 2.9376 2.9763 
2.2352 2.2902 2.5592 2.5633 2.9591 3.1416 3.2264 3.3875 3.5056 
2.2834 2.4077 2.5423 2.6655 2.8721 3.0498 3.3531 3.551 3.5798 
2.3249 2.955 3.0368 3.2294 3.4953 3.6484 3.7837 3.9613 3.9895 
2.0154 2.0979 2.4059 2.8064 3.1408 3.3728 3.5962 3.6261 3.6274 
1.047 1.9823 2.6291 3.235 3.2941 3.3504 3.5031 4.0666 4.1012 
1.7536 1.8493 2.1088 2.2679 3.9589 4.0384 4.0837 4.1716 4.3498 
0.4998 2.1379 2.1916 3.0029 3.1411 3.1739 3.2781 3.4266 3.5627 
1.1806 1.3371 1.5074 2.3699 2.7664 3.219 3.5645 3.9073 4.1314 
1.1551 1.6108 2.4935 2.542 2.6615 2.8425 3.2692 3.3453 3.7245 
1.5964 1.8722 1.9643 2.5625 2.7114 2.8174 3.1795 3.9785 4.0353 
1.1197 1.2553 1.6131 2.3525 2.4018 2.5845 2.7963 2.9292 3.0048 
0.8232 1.6103 1.9968 2.0433 2.0709 2.0823 2.086 2.4202 2.824 
1.3851 1.5519 1.6047 1.6828 2.0249 2.0542 2.5532 2.6296 2.8958 
1.4693 1.6541 1.795 2.0202 2.0207 2.0847 2.3078 2.4681 2.6485 
1.3473 1.4021 1.8702 1.9984 2.2619 2.5733 2.6097 2.7772 2.8309 
1.321 1.3759 1.7788 1.826 2.2586 2.5258 2.6213 2.7477 2.8694 
0.8913 1.5809 1.9141 2.1097 2.1205 2.2589 2.2747 2.5522 2.6087 
1.1694 1.306 1.9166 1.9812 2.2498 2.2861 2.3365 2.4224 2.5671 
1.3341 1.667 1.7218 1.726 1.9213 2.1121 2.2664 2.3171 2.473 
1.0632 1.6973 1.6976 1.8325 1.856 1.9059 2.071 2.1285 2.2402 
1.004 1.0747 1.6219 1.6708 1.7532 1.9063 2.3574 2.5505 2.6714 
1.2384 1.267 1.3518 1.4314 2.09 2.1108 2.1282 2.2757 2.3142 
1.0656 1.6035 1.6202 1.6461 1.732 2.0578 2.0599 2.2156 2.3532 
0.8257 1.4538 1.9361 2.0028 2.0214 2.2063 2.3816 2.6607 2.7055 
1.1363 1.2834 1.7789 1.8295 1.8657 1.9456 2.5398 2.6699 2.7953 
1.0346 1.3942 1.873 1.8802 1.9277 2.0444 2.5076 2.5277 2.7427 
1.306 1.7006 1.7363 2.1025 2.2122 2.2373 2.301 2.442 2.7336 
1.2065 1.8213 1.9072 2.1565 2.1585 2.1908 2.3815 2.5241 2.7401 
1.7972 1.9944 2.3099 2.373 2.4015 2.6979 2.7832 2.8228 2.8298 
1.7906 1.9747 2.199 2.4704 2.4722 2.6305 2.7802 2.9045 3.1588 
1.7326 1.988 2.4438 2.5547 2.7588 2.7926 2.8922 3.136 3.5688 
1.6013 2.0326 2.446 2.6524 2.7918 2.9977 3.0585 3.1236 3.1523 
0.772 1.5471 2.7109 2.7918 2.8275 2.8984 3.8542 4.0512 4.0562 
1.3478 1.7339 2.7691 3.0697 3.0845 3.4669 3.6133 3.8922 3.8945 
1.1873 1.2134 1.9584 1.9694 2.496 2.586 3.0647 3.1627 3.203 
0.7536 1.788 2.0321 2.1805 2.3981 2.9441 3.0788 3.2222 3.267 
1.0779 1.7798 2.0269 2.1882 2.4931 2.5159 2.6295 2.7037 2.9541 
1.4011 1.5619 2.2138 2.3146 2.6587 2.6918 2.9118 3.2228 3.2954 
0.798 1.7342 1.804 2.3539 2.4449 2.5827 2.6067 2.7354 2.8414 
0.7977 1.5099 1.9424 2.2312 2.3298 2.4969 2.5134 2.9563 3.0719 
1.1586 1.3565 1.4748 1.8447 1.9599 2.2625 2.3893 2.5598 2.6538 
1.3105 1.4226 1.7039 1.7758 1.9703 2.0473 2.4076 2.6623 2.6852 
1.2182 1.3797 1.4361 1.5163 1.973 2.0074 2.1681 2.3518 2.4989 
1.141 1.4023 1.4701 1.4954 1.9497 1.9959 2.1762 2.2665 2.6115 
1.1033 1.491 1.5144 1.6504 1.7541 1.7844 2.0719 2.279 2.3273 
1.0457 1.47 1.583 1.7034 1.7673 1.7812 2.0539 2.2692 2.3114 
1.0979 1.5249 1.5801 1.6639 1.7729 2.2093 2.2444 2.2465 2.4905 
1.048 1.5455 1.5786 1.6584 1.8326 2.0286 2.1537 2.4654 2.5302 
1.2958 1.5111 1.6691 1.6935 1.7734 2.2548 2.5963 2.638 2.6718 
1.5517 1.5824 1.622 1.7559 2.1177 2.3582 2.7266 2.7309 2.821 
1.1679 1.538 1.5826 1.9099 2.122 2.515 2.9071 2.9878 2.9957 
0.8716 1.6155 1.6339 1.9577 2.3331 2.6206 2.7027 2.7684 2.7939 
1.0757 1.3594 1.8526 1.9423 2.1187 2.2123 2.6175 2.6291 2.7297 
1.161 1.4223 1.8635 1.915 2.1373 2.245 2.5808 2.7159 2.7208 
1.637 1.7501 1.763 1.849 2.1662 2.2706 2.677 2.818 3.0963 
1.5664 1.6349 1.7621 1.8551 2.1684 2.3426 2.7002 2.8957 3.0346 
1.222 1.6151 1.9378 2.2092 2.3448 2.4288 2.7267 3.066 3.1927 
1.1898 1.5128 2.0118 2.0807 2.2294 2.4401 2.707 2.9914 3.2434 
1.2649 1.548 1.6498 1.8148 2.2088 2.2426 2.6924 3.0588 3.067 
1.0389 1.525 1.8767 1.9131 2.093 2.242 2.3313 2.5342 3.01 
0.7809 1.2298 2.5222 2.5964 2.9696 3.1065 3.1679 3.2419 3.444 
1.3679 1.8692 2.0414 2.5534 3.2331 3.3305 3.3842 3.4938 3.5337 
1.1663 1.4484 1.9454 2.2276 2.3642 2.4535 2.904 3.0874 3.116 
0.9194 1.3551 2.0268 2.1677 2.3362 2.6527 2.9154 3.0056 3.0083 
0.7918 1.7507 2.0189 2.1156 2.173 2.3282 2.3556 2.5233 2.5962 
0.8991 1.7234 1.8598 1.9318 2.094 2.2711 2.3729 2.6516 2.6655 
1.1124 1.1609 1.5817 1.8707 2.0419 2.3202 2.7798 2.873 2.9772 
1.0508 1.2091 1.7118 1.7913 2.2139 2.2477 2.6471 2.7085 2.8193 
1.314 1.5516 1.6344 1.7674 1.8551 1.8716 1.9163 2.009 2.893 
1.3167 1.5233 1.7769 1.9142 1.9562 2.0104 2.0355 2.1664 2.4688 
0.9463 1.1863 1.708 1.7986 1.951 2.1332 2.3578 2.4564 2.5168 
1.0034 1.1007 1.6206 1.6942 1.9205 2.1898 2.3137 2.4457 2.484 
0.7652 1.2901 1.5774 1.8508 1.9192 1.955 1.9753 2.0879 2.1297 
0.7802 1.3593 1.5657 1.766 1.7754 1.9601 2.0581 2.1332 2.1422 
1.1678 1.2611 1.6537 1.8914 1.963 2.0997 2.1008 2.1704 2.2374 
1.3525 1.3961 1.6586 1.8578 2.0392 2.0777 2.2857 2.3281 2.437 
1.1866 1.5337 1.6635 2.0623 2.089 2.3091 2.3145 2.3482 2.4257 
1.2441 1.435 1.8906 2.0675 2.0776 2.4142 2.4412 2.4519 2.5605 
1.2255 1.2327 1.4801 1.7417 2.199 2.3382 2.5393 2.7263 2.846 
1.2495 1.276 1.3568 1.4623 2.2337 2.3608 2.5733 2.6434 2.6815 
1.0274 1.5159 1.5587 1.7559 2.155 2.213 2.2695 2.3452 2.4183 
1.0396 1.4135 1.6069 1.6797 2.1431 2.224 2.2434 2.3451 2.3571 
1.309 1.4779 1.8171 2.0614 2.1296 2.2571 2.2876 2.5281 2.6736 
1.2936 1.5642 1.7361 2.1241 2.2139 2.251 2.3531 2.4266 2.6497 
1.4048 1.7594 1.7676 1.7823 2.1328 2.5703 2.5793 2.5928 2.7761 
1.4041 1.5811 1.785 1.9068 2.1128 2.6668 2.6818 2.7076 2.7817 
0.9521 1.5596 1.9752 2.0025 2.2391 2.3782 2.4469 2.5368 2.5841 
1.2289 1.5999 1.8465 2.194 2.2398 2.3412 2.6295 2.6771 2.6986 
0.8449 2.1566 2.3263 2.4349 2.5861 2.6874 3.1153 3.2741 3.4017 
1.0703 2.2842 2.5119 3.1978 3.2247 3.2411 3.2714 3.3455 3.4036 
0.8818 1.6334 1.7604 2.0512 2.3056 2.4054 2.4151 2.5684 2.572 
0.8127 1.2525 1.6539 2.0942 2.1124 2.1221 2.3231 2.4615 2.5156 
0.9584 1.0614 1.4864 1.5014 1.5956 1.7508 1.8077 2.221 2.3363 
0.9966 1.1507 1.416 1.518 1.6092 1.6525 1.9875 2.0397 2.462 
1.0083 1.1354 1.5477 1.9672 2.0341 2.1688 2.2023 2.2227 2.2583 
1.1432 1.4497 1.6929 1.8752 1.9393 2.2091 2.2853 2.3086 2.3234 
1.0627 1.5142 1.8318 1.9868 2.2322 2.2726 2.3574 2.3794 2.4572 
1.0754 1.6752 1.8265 1.9408 2.2211 2.3046 2.3423 2.4703 2.4738 
1.3031 1.6291 1.874 1.9301 1.9737 2.3085 2.3982 2.5474 2.6663 
1.2472 1.5904 1.8406 1.8759 1.9976 2.2281 2.333 2.4014 2.6053 
0.9098 1.7026 1.7151 1.9849 2.1325 2.1569 2.1607 2.2788 2.3115 
0.8822 1.4774 1.7326 2.0628 2.0816 2.1656 2.2046 2.2454 2.2796 
1.0555 1.0947 1.7679 1.8848 2.1379 2.2272 2.2376 2.2574 2.2716 
0.9776 1.2162 1.8745 1.9987 2.0118 2.3154 2.3172 2.3307 2.3922 
0.8781 1.2867 1.7676 1.829 1.8536 1.9733 2.1498 2.2275 2.4961 
1.1291 1.3037 1.7593 1.9709 2.1222 2.1224 2.3501 2.3772 2.5241 
0.9134 1.5159 1.8251 1.971 2.0181 2.0359 2.036 2.2386 2.3863 
0.8271 1.3706 1.7556 1.9099 1.9696 2.0077 2.0283 2.0826 2.3197 
1.1701 1.2033 1.2963 1.4979 1.8274 1.8927 2.1151 2.1969 2.2178 
1.015 1.1909 1.2734 1.4774 1.5828 1.8341 1.9223 2.0021 2.2416 
1.1688 1.3317 1.473 1.9877 2.0701 2.1415 2.2608 2.3294 2.3824 
1.3489 1.3635 1.6735 2.0547 2.1655 2.2407 2.3507 2.3538 2.3796 
1.6498 1.7208 1.9717 2.0944 2.2255 2.2344 2.448 2.5387 2.7681 
1.5025 1.6307 1.9717 2.1554 2.1764 2.3078 2.3508 2.577 2.8004 
0.9043 1.9631 2.2336 2.4103 2.4162 2.47 2.5282 2.5453 2.5481 
0.9137 2.1279 2.353 2.3709 2.4686 2.5417 2.5803 2.6025 2.6364 
1.3756 1.4738 1.7091 2.1201 2.2054 2.2287 2.3105 2.6627 2.7557 
0.381 2.2476 2.3569 2.3966 2.413 2.6471 2.6572 2.7411 2.7584 
0.8146 1.659 1.6686 1.9391 2.3711 2.4225 2.4328 2.6464 2.7008 
0.6142 1.4264 1.7572 1.7859 1.9141 1.9194 2.2098 2.3205 2.347 
1.04 1.109 1.3496 1.4372 1.5609 1.578 1.6127 2.1846 2.3268 
1.1431 1.1515 1.2579 1.4544 1.4591 1.6447 1.8519 2.1997 2.3221 
0.9085 1.277 1.8162 1.9461 1.9528 2.0521 2.0872 2.1768 2.3466 
1.1951 1.4011 1.6617 1.9162 2.0162 2.033 2.0666 2.3107 2.3867 
1.2203 1.2619 1.5558 1.8658 2.1456 2.158 2.2004 2.3372 2.6047 
1.1028 1.4479 1.6835 1.6973 2.0991 2.2139 2.4643 2.4753 2.5068 
1.1086 1.637 1.7537 1.9108 2.1846 2.2475 2.4623 2.5421 2.64 
0.9894 1.6088 1.7181 1.8865 2.1215 2.2162 2.3403 2.5326 2.6219 
0.6727 1.7698 1.8042 2.0401 2.0406 2.1684 2.1686 2.1744 2.2808 
0.8078 1.6084 1.822 1.8461 1.9992 2.2086 2.2732 2.2925 2.3508 
1.1719 1.2911 1.9755 1.9855 1.9971 2.0594 2.0749 2.1417 2.2709 
1.1628 1.1752 1.9401 1.961 2.053 2.056 2.0737 2.1089 2.1621 
0.9899 1.4646 1.554 1.7478 1.8434 1.9079 2.2301 2.2722 2.353 
1.0396 1.2475 1.6074 1.7439 1.7646 1.7753 2.1702 2.2626 2.3227 
1.0955 1.2017 1.4212 1.6888 1.6932 1.798 2.0991 2.2295 2.2436 
1.0548 1.277 1.2903 1.5924 1.8398 1.8933 2.0679 2.2563 2.2578 
0.8113 1.3363 1.4816 1.5892 1.5974 1.6991 1.8888 1.9518 2.0098 
0.7385 1.3346 1.4075 1.507 1.6587 1.8146 1.8396 1.8887 2.0611 
1.1794 1.3091 1.5338 1.7304 1.9902 2.2756 2.3026 2.3399 2.3997 
1.3051 1.564 1.7027 2.0125 2.2076 2.2569 2.3189 2.3218 2.394 
1.6161 1.7658 1.9247 1.9955 2.1348 2.2985 2.3461 2.6102 2.8423 
1.6058 1.7292 2.0366 2.0726 2.1689 2.3549 2.4266 2.6247 2.8553 
1.0981 1.8225 2.2359 2.2795 2.4186 2.4397 2.5006 2.555 2.5926 
1.0006 2.0418 2.3106 2.35 2.3547 2.4309 2.5576 2.5652 2.6015 
1.3006 1.3364 1.9524 1.9809 2.0296 2.0586 2.1341 2.6357 2.7013 
0.4266 2.2298 2.2848 2.3106 2.3548 2.5335 2.609 2.6839 2.7055 
1.0863 1.2859 1.8421 2.0752 2.1742 2.2033 2.224 2.2813 2.3179 
0.9827 1.2508 1.4314 1.5825 1.6308 1.9554 2.1812 2.1819 2.2646 
0.9059 1.0326 1.5623 1.8043 1.8294 1.897 1.8975 2.0359 2.0491 
0.7767 1.1898 1.6073 2.0357 2.0447 2.0601 2.1139 2.142 2.1473 
1.4116 1.4757 1.5919 1.7513 1.8426 2.1198 2.1805 2.2397 2.3043 
1.5087 1.6161 1.6695 1.7482 1.9358 1.9845 2.1446 2.1958 2.2439 
0.9149 1.568 1.6933 1.7542 1.794 1.8573 2.0112 2.064 2.1272 
0.8597 1.6692 1.6997 1.7036 1.7951 1.8832 1.929 2.015 2.0517 
1.4008 1.5549 1.7589 1.7712 1.8713 1.8907 1.8926 1.9389 2.4604 
1.3829 1.5804 1.7585 1.7649 1.7763 1.876 1.8806 1.903 2.4463 
0.9785 1.5131 1.9794 2.002 2.0304 2.0555 2.0763 2.2276 2.2817 
0.8634 1.6749 1.8457 1.9428 2.1074 2.1663 2.205 2.2101 2.2346 
1.0257 1.3974 2.1279 2.1515 2.2105 2.2617 2.2869 2.384 2.403 
1.0175 1.4429 1.9834 2.1059 2.1385 2.1459 2.2851 2.3793 2.3963 
1.2269 1.4926 1.6153 1.7122 2.0181 2.0973 2.1001 2.1386 2.453 
1.2493 1.3951 1.5596 1.6994 1.8738 2.0053 2.0727 2.1525 2.3329 
0.9899 1.4136 1.5274 1.6526 1.6952 1.9065 2.0053 2.0216 2.0467 
0.9117 1.4573 1.4642 1.5861 1.7797 1.8294 1.9466 1.9934 2.1081 
0.87 1.5791 1.5833 1.7998 1.8037 1.8464 1.9527 2.0041 2.03 
1.1307 1.6343 1.6548 1.834 1.9184 2.0195 2.0399 2.0553 2.1274 
1.2931 1.3728 1.9063 1.9211 2.0558 2.1067 2.1936 2.2168 2.2186 
1.0482 1.2055 1.7759 2.0237 2.0434 2.2161 2.3049 2.3106 2.3191 
0.5773 1.5583 1.569 1.8746 2.0959 2.2026 2.2257 2.4626 2.5089 
0.841 1.6126 1.6413 1.6951 1.9722 2.1241 2.2222 2.4439 2.5045 
1.2441 1.6684 1.8244 1.9617 2.14 2.2616 2.268 2.469 2.4934 
1.2184 1.6891 1.9639 1.9962 2.1003 2.2732 2.3188 2.3841 2.5632 
1.0117 1.1874 1.809 1.9039 1.9826 2.1399 2.3245 2.3981 2.4972 
1.1346 1.9182 2.0001 2.0217 2.0357 2.3239 2.356 2.5141 2.5319 
1.1548 1.1946 1.7392 2.0626 2.1175 2.126 2.2368 2.2565 2.2603 
1.0932 1.175 1.2568 1.4037 1.7481 2.0568 2.127 2.2251 2.2896 
0.9887 1.1521 1.7383 1.8551 1.8665 1.8885 1.9406 2.1724 2.1761 
0.8469 1.2605 1.8265 1.87 1.9646 2.106 2.2421 2.2473 2.249 
1.5925 1.6496 1.7184 1.8074 1.8547 2.1099 2.1613 2.2844 2.3309 
1.5363 1.589 2.0196 2.1088 2.1203 2.1353 2.1603 2.2213 2.3201 
0.9297 1.3984 1.9901 2.0254 2.0511 2.0555 2.1421 2.2107 2.2251 
0.8635 1.4915 1.7823 1.7867 1.9673 1.9931 2.0406 2.2042 2.2337 
1.2804 1.4106 1.6528 1.736 1.8978 1.9815 2.0482 2.089 2.3274 
1.1177 1.6411 1.6537 1.6792 1.8799 1.9491 1.9728 1.9924 2.4108 
0.7848 1.6888 1.8559 1.8691 2.0226 2.0922 2.1051 2.1168 2.3236 
0.6522 1.7905 1.8959 1.9646 1.9973 2.0202 2.0744 2.1335 2.2572 
0.7655 1.6251 1.8902 2.0403 2.1681 2.1755 2.1771 2.239 2.4854 
0.8163 1.6393 1.7571 1.9877 2.1276 2.2241 2.2329 2.3396 2.4282 
1.0692 1.578 1.5906 1.7544 1.9044 1.9288 2.2621 2.2858 2.3501 
1.0762 1.4628 1.6196 1.7279 1.7424 1.9986 2.1258 2.2845 2.2903 
1.1301 1.3245 1.5417 1.5596 1.619 2.0138 2.0555 2.1781 2.2386 
1.081 1.3942 1.4377 1.6678 1.7212 2.0137 2.0389 2.1099 2.1135 
1.0796 1.5194 1.6426 1.7519 1.9025 1.9732 2.0516 2.061 2.1226 
1.3176 1.7093 1.7702 1.9506 1.9688 2.027 2.149 2.1964 2.1992 
1.3731 1.42 1.6937 1.8415 1.9533 1.9873 2.1423 2.2447 2.3082 
1.1669 1.2987 1.5964 1.8062 1.9967 2.0061 2.3224 2.3993 2.4106 
0.8724 1.4354 1.716 1.8036 2.0058 2.2195 2.3001 2.344 2.5361 
1.2221 1.5483 1.6453 1.7554 1.7895 2.1782 2.2518 2.3056 2.4608 
1.1667 1.6936 2.1297 2.1333 2.2685 2.3196 2.5154 2.6324 2.8895 
1.1864 1.6931 2.1739 2.2971 2.3137 2.3605 2.4485 2.5457 2.6535 
1.0868 1.1243 1.809 1.9413 2.2678 2.2781 2.3517 2.4198 2.4717 
1.3404 1.8751 1.8963 1.9023 2.0553 2.307 2.3373 2.516 2.5739 
1.2675 1.4207 1.6242 1.6276 1.9651 2.0087 2.018 2.0461 2.1862 
0.5302 1.4738 1.5229 1.5501 1.9186 2.1049 2.1825 2.2004 2.2438 
0.9256 1.2341 1.4988 1.6682 1.7112 1.7677 1.8799 1.884 1.9232 
0.9314 1.4722 1.5007 1.6615 1.6816 1.7493 1.935 1.9356 1.9772 
1.2951 1.4814 1.6968 1.7678 1.8174 2.0562 2.1031 2.3295 2.4512 
1.1835 1.8841 1.9648 2.1157 2.2345 2.2706 2.3363 2.4818 2.6375 
1.3411 1.738 1.886 1.9856 2.036 2.1574 2.2833 2.302 2.3677 
1.2835 1.4698 1.6553 1.7739 1.8903 1.8934 2.0033 2.0118 2.1305 
1.1694 1.3677 1.6717 1.7631 1.7893 1.8296 1.9642 2.0271 2.0679 
1.1146 1.3556 1.8082 1.8447 1.8499 1.8564 1.9415 2.0785 2.1191 
0.9713 1.5786 1.7196 1.7283 1.8447 1.916 1.9806 2.3578 2.3991 
0.8211 1.6326 1.6495 1.6696 1.8553 1.8915 1.9513 2.4297 2.4579 
0.6432 1.5647 1.6229 1.8525 1.9138 1.9877 2.229 2.4767 2.5869 
0.5903 1.4853 1.7226 1.762 1.9454 2.0123 2.2725 2.4269 2.5951 
0.7248 1.2974 1.6115 1.6829 1.9574 2.007 2.1214 2.3566 2.4349 
0.8285 1.2566 1.6215 1.6648 2.001 2.0415 2.051 2.3405 2.4003 
1.0463 1.2449 1.3927 1.5916 1.6657 1.9313 2.0708 2.1276 2.1459 
1.093 1.2307 1.3305 1.4418 1.6439 2.0241 2.0588 2.0622 2.0916 
0.951 1.3784 1.4727 1.4745 1.7013 1.9326 2.0315 2.0497 2.0646 
0.8355 1.3458 1.6062 1.6462 1.7349 1.9901 2.0028 2.0755 2.1981 
0.7654 1.5205 1.581 1.673 1.8843 1.8883 2.0056 2.0626 2.1053 
1.0096 1.5166 1.7199 1.7461 1.9011 1.9691 1.9797 2.0412 2.1766 
0.9053 1.8029 1.8397 1.9135 1.9497 1.982 2.0129 2.0207 2.1142 
0.679 1.7265 1.8971 1.9426 1.955 1.9564 2.008 2.0105 2.1005 
1.102 1.4985 1.8312 1.9439 2.0013 2.1008 2.1354 2.4285 2.4711 
1.1915 1.2655 1.6321 1.9346 1.9998 2.2734 2.3532 2.4443 2.5696 
0.5098 1.4887 1.9485 2.4258 2.4932 2.5132 2.5401 2.5533 2.7505 
1.2948 1.801 1.8925 2.0975 2.1771 2.1867 2.2008 2.407 2.4809 
1.0915 1.4929 1.5684 2.1064 2.1068 2.1495 2.3048 2.5317 2.5703 
1.1422 1.3949 1.6054 1.8257 1.8545 2.0216 2.0504 2.1202 2.1563 
0.7276 1.485 1.5958 1.7443 1.913 1.9917 2.0106 2.0901 2.1185 
0.9407 1.2706 1.515 1.8185 1.9374 1.9378 2.1077 2.1291 2.19 
1.0488 1.3375 1.5846 1.8761 1.9822 2.0727 2.1606 2.3225 2.3467 
1.2779 1.5261 1.8336 2.0015 2.0557 2.3267 2.4942 2.5656 2.6402 
1.0841 1.4429 1.9565 1.9769 2.1317 2.2288 2.3597 2.4053 2.414 
1.0014 1.3262 1.6066 1.7874 1.8825 2.1123 2.1887 2.2934 2.3368 
0.832 1.4693 1.6973 1.7838 1.8396 1.9924 2.0552 2.3237 2.3888 
0.8036 1.5438 1.7722 1.7834 1.8269 2.0262 2.1535 2.3959 2.4433 
0.6348 1.6554 1.6909 1.8987 2.1942 2.2689 2.3394 2.3907 2.4418 
0.592 1.6097 1.7335 1.8587 2.2805 2.3228 2.3538 2.3816 2.4469 
0.569 1.5445 1.936 1.9524 2.4771 2.5081 2.5213 2.5321 2.5579 
0.5068 1.5614 1.9395 1.9417 2.415 2.4785 2.513 2.5165 2.5229 
0.3567 1.6714 1.888 1.9049 2.27 2.3114 2.3492 2.4065 2.4739 
0.3311 1.7166 1.8995 1.9073 2.2146 2.2545 2.3624 2.3801 2.4465 
0.3842 1.7537 1.7985 1.871 1.9809 2.0825 2.1195 2.2051 2.3295 
0.4454 1.7531 1.8226 1.8832 1.9781 2.1287 2.141 2.1766 2.3604 
0.569 1.5725 1.8035 1.8091 1.8157 2.0569 2.1151 2.1283 2.261 
0.5989 1.5484 1.6441 1.7441 1.7703 2.0505 2.1061 2.1535 2.1631 
0.8213 1.5062 1.5229 1.594 1.7603 1.9297 2.0531 2.2617 2.2813 
0.8644 1.5699 1.5705 1.5818 1.8017 1.9224 2.0747 2.2546 2.2989 
1.1468 1.5334 1.6268 1.6512 1.9608 2.321 2.4047 2.4055 2.4249 
1.0768 1.4608 1.6199 1.6579 1.9626 2.3158 2.4108 2.4202 2.4497 
1.5874 1.6095 1.8607 1.9057 2.0256 2.1912 2.3603 2.5045 2.5369 
1.5578 1.6753 1.9366 1.943 1.9579 1.9588 2.3169 2.4245 2.5727 
1.2894 1.7989 1.8993 1.9215 2.0761 2.2582 2.2774 2.3511 2.3656 
1.7625 1.9243 2.0573 2.0956 2.2113 2.2308 2.3103 2.5613 2.7293 
