0.218 2.4525 2.4746 2.7118 2.8549 2.9133 3.058 3.1462 3.2869 
0.7148 1.6953 2.1979 2.2773 2.302 2.3218 2.5195 2.5849 2.8656 
1.2227 1.944 2.0254 2.1483 2.3315 2.5146 2.556 2.5831 2.7407 
1.2317 2.0751 2.1506 2.1727 2.2444 2.4694 2.4882 2.663 2.6833 
1.5007 1.671 1.9323 2.1183 2.1834 2.2241 2.2271 2.3011 2.4252 
1.5344 1.6892 1.896 2.0401 2.1704 2.1837 2.2043 2.2316 2.3613 
1.3828 1.7593 1.9719 1.9908 2.0653 2.1157 2.1268 2.1809 2.2361 
1.301 1.7404 1.9572 2.1114 2.1197 2.1307 2.1549 2.1753 2.2665 
1.2468 1.911 2.0567 2.0744 2.1439 2.158 2.2773 2.2781 2.3316 
1.2764 1.9037 1.9713 2.0655 2.0772 2.1743 2.247 2.3166 2.3412 
1.3875 1.7084 1.723 1.991 2.0098 2.1313 2.1339 2.1399 2.2628 
1.3925 1.662 1.6691 1.9982 2.0037 2.1415 2.1484 2.151 2.277 
1.2272 1.686 1.8506 1.9167 1.9763 2.0906 2.1455 2.2314 2.3347 
1.1278 1.7479 1.8842 1.9429 1.9621 2.0486 2.2587 2.2798 2.3772 
0.9154 1.7377 1.8218 2.0055 2.0184 2.0938 2.2041 2.2253 2.3551 
0.9258 1.7288 1.8226 2.0072 2.0757 2.0903 2.1392 2.1437 2.3165 
0.7974 1.6166 1.7694 2.1151 2.1248 2.1494 2.1601 2.2775 2.2969 
0.7717 1.6797 1.7885 2.1368 2.154 2.2163 2.2406 2.285 2.3454 
1.0498 1.8229 1.9495 1.9846 1.9853 2.018 2.0381 2.1126 2.1131 
1.1682 1.7055 1.955 1.9858 2.0163 2.0175 2.0882 2.1519 2.1882 
1.4729 1.6336 1.761 1.934 1.9693 2.0394 2.0529 2.1249 2.3622 
1.1615 1.5737 1.7514 1.8595 2.0769 2.0882 2.1538 2.2645 2.3561 
1.0136 1.4376 1.9351 1.9589 2.0449 2.1943 2.2273 2.2444 2.3548 
1.2593 1.5169 1.9103 2.0126 2.0969 2.1125 2.1371 2.223 2.3347 
1.6912 1.7505 1.7689 1.822 1.9232 2.0069 2.0309 2.1012 2.1501 
1.7451 1.7953 1.8091 1.8277 1.8578 1.9551 2.0225 2.1268 2.2403 
1.2567 1.4571 1.972 2.0011 2.0954 2.2743 2.3864 2.4458 2.468 
1.0034 1.5847 2.0892 2.1173 2.3759 2.3836 2.6557 2.7161 2.9015 
0.7213 1.6731 2.1607 2.3022 2.3819 2.4489 2.5929 2.76 2.8172 
0.9741 1.5596 1.8353 1.845 2.3331 2.5374 2.7142 2.7551 2.8045 
1.1584 1.4652 1.64 1.8408 2.0891 2.3541 2.3722 2.4077 2.4104 
1.2308 1.5367 1.594 1.896 1.9132 2.2293 2.3261 2.344 2.3506 
1.2857 1.2973 1.6367 1.7121 1.9238 1.9553 2.1486 2.1737 2.2671 
1.1681 1.2246 1.7009 1.7283 1.8358 1.9409 2.1858 2.1894 2.2146 
1.0596 1.2754 1.6314 1.6457 2.0812 2.1086 2.1391 2.1705 2.2044 
1.2157 1.2983 1.5982 1.6598 1.9629 2.053 2.125 2.1656 2.1866 
1.5623 1.5704 1.7397 1.7665 2.0886 2.1957 2.232 2.3505 2.4902 
1.5152 1.5885 1.7934 1.8009 2.0378 2.1815 2.2984 2.4065 2.4365 
1.4994 1.6163 1.7874 1.9045 1.9855 2.3569 2.3668 2.3733 2.4433 
1.4634 1.6203 1.8439 1.8809 1.9601 2.2483 2.3294 2.3409 2.3848 
1.4054 1.5352 1.8195 1.8552 1.9964 2.0647 2.1502 2.16 2.1798 
1.4121 1.4908 1.702 1.8636 1.926 2.0442 2.0577 2.0608 2.067 
1.3086 1.4416 1.5869 1.7534 1.8485 1.8567 2.0276 2.0682 2.1172 
1.2169 1.4548 1.533 1.7997 1.8823 1.9083 2.0985 2.1892 2.2028 
1.0243 1.4554 1.7226 1.7987 1.8123 1.9315 2.0984 2.2467 2.2879 
1.032 1.5432 1.6471 1.7675 1.8712 1.9572 2.0808 2.2258 2.3661 
1.2011 1.3553 1.3971 1.7299 1.9848 2.0219 2.0424 2.0766 2.1524 
1.1131 1.2999 1.5668 1.7084 1.8266 2.1271 2.1957 2.2096 2.2829 
1.333 1.4522 1.4807 1.845 2.1094 2.3049 2.341 2.4122 2.5411 
1.1663 1.7251 1.7687 1.9628 2.0614 2.2888 2.4316 2.4789 2.4903 
1.325 1.633 1.7486 1.7584 1.8421 2.125 2.3325 2.3664 2.5148 
1.4863 1.9093 1.942 1.9492 1.9863 2.0688 2.0866 2.1189 2.2108 
1.5977 1.617 1.817 1.8315 1.8338 2.0996 2.1661 2.2989 2.3461 
1.548 1.6596 1.6822 1.7604 1.7755 2.1095 2.1147 2.1182 2.2524 
1.1168 1.8773 1.9715 2.1783 2.2334 2.2611 2.2906 2.2968 2.3036 
1.2446 1.4923 2.0387 2.11 2.1596 2.2005 2.2076 2.3578 2.4415 
1.2937 1.5066 2.2114 2.2413 2.2762 2.5749 2.5758 2.6407 2.7271 
0.8923 1.4471 1.7446 1.8761 1.9238 2.0572 2.1806 2.2788 2.3787 
1.4685 1.7216 1.7594 2.1189 2.6833 2.6938 2.8944 3.014 3.0365 
1.3333 1.6637 1.7696 2.3617 2.6761 2.7882 2.823 2.9842 3.0182 
0.8168 2.1194 2.3097 2.3864 2.4714 2.6311 2.6695 2.7667 2.7839 
0.9158 2.038 2.1345 2.1628 2.2932 2.3089 2.6304 2.6308 2.6339 
1.6579 1.7439 1.8993 1.9111 1.9893 2.2869 2.3174 2.3304 2.3365 
1.5588 1.6349 1.9349 1.9422 2.0247 2.2945 2.3679 2.3988 2.4167 
1.3112 2.0304 2.1492 2.2057 2.2105 2.3122 2.4082 2.4691 2.53 
1.2956 1.9481 2.1505 2.1585 2.1994 2.2714 2.3067 2.3472 2.429 
1.5008 1.8114 1.8216 1.9755 2.0465 2.35 2.4452 2.5695 2.602 
1.4162 1.7402 1.816 2.0556 2.1258 2.2416 2.6354 2.6547 2.656 
1.3785 1.5329 1.6454 1.8055 2.139 2.2378 2.2944 2.3011 2.4207 
1.2958 1.6289 1.666 1.9026 2.0515 2.1669 2.2152 2.2157 2.311 
1.3228 1.5201 1.6772 1.7567 1.9905 2.0151 2.0698 2.0892 2.1136 
1.3298 1.4483 1.5915 1.8629 1.8637 1.9311 1.9478 2.1103 2.1371 
1.2581 1.6449 1.7044 1.7115 1.8849 1.9146 1.983 2.031 2.1104 
1.3877 1.5255 1.7445 1.8852 1.8878 2.0289 2.0508 2.0512 2.141 
1.5306 1.5849 1.8153 1.9746 1.9911 1.9918 2.0184 2.0671 2.1658 
1.6632 1.6658 1.7318 2.0376 2.0636 2.2067 2.2398 2.3095 2.3206 
1.7496 1.754 2.0241 2.2169 2.2249 2.4861 2.514 2.5444 2.5508 
1.6618 1.7383 1.9514 2.0875 2.4724 2.4808 2.488 2.5389 2.599 
1.8811 1.948 2.0743 2.226 2.3004 2.3183 2.3873 2.4419 2.5514 
1.317 1.5574 2.0826 2.2507 2.2968 2.4728 2.5764 2.7395 2.7634 
1.5563 2.0337 2.1276 2.3194 2.33 2.3565 2.3662 2.5212 2.5371 
1.506 2.1733 2.3403 2.3876 2.4041 2.4687 2.5428 2.5433 2.5822 
1.1094 1.6523 1.9811 2.022 2.0476 2.0742 2.1218 2.1276 2.158 
1.3356 1.647 1.6917 1.7243 1.7878 1.9619 2.0448 2.206 2.5374 
1.4334 1.573 2.2209 2.2925 2.4866 2.5495 2.5777 2.7544 2.7958 
0.8625 1.5695 1.6163 1.6567 1.9224 2.1086 2.1864 2.2398 2.381 
1.3892 1.5598 1.7238 2.116 2.4529 2.7022 2.7462 2.8221 2.8685 
1.2778 1.7318 1.8575 2.5126 2.649 2.7622 2.7871 2.979 3.0401 
0.8645 2.1638 2.2549 2.3669 2.4429 2.5869 2.615 2.6459 2.6815 
1.1337 2.0517 2.1441 2.1503 2.4005 2.4718 2.4776 2.5153 2.5408 
1.6678 1.7087 2.1161 2.1647 2.1656 2.1829 2.345 2.4039 2.5229 
1.3665 1.8591 2.3139 2.3253 2.3777 2.4731 2.5485 2.5724 2.6157 
1.1414 2.2378 2.3199 2.3306 2.4261 2.4924 2.5396 2.6492 2.6734 
1.3382 2.1739 2.2496 2.3082 2.3236 2.3348 2.5223 2.5512 2.5901 
1.697 1.8643 1.883 2.1848 2.2973 2.3177 2.4225 2.6933 2.6951 
1.5808 1.6593 1.9831 2.0622 2.1947 2.2483 2.4272 2.7084 2.7357 
1.3597 1.5249 1.7712 1.88 2.3556 2.3777 2.4124 2.4699 2.4995 
1.295 1.4916 1.8884 1.9398 2.2629 2.2925 2.2959 2.3525 2.366 
1.2633 1.5678 1.6627 1.8767 1.969 1.9759 2.0245 2.1268 2.149 
1.3251 1.5069 1.6983 1.7576 1.8997 1.9458 1.983 2.0214 2.063 
1.3633 1.4842 1.6901 1.6958 1.8675 1.9002 1.932 1.9957 2.0362 
1.336 1.5403 1.661 1.8096 1.8374 1.9168 1.9427 2.0492 2.1804 
1.7093 1.7423 1.874 1.8922 1.8938 1.9073 1.92 2.0303 2.0826 
1.7382 1.7774 1.7895 1.9909 2.1139 2.1777 2.2068 2.2517 2.3456 
1.5796 1.7111 1.9107 2.1247 2.2245 2.3043 2.3796 2.4714 2.5285 
1.6074 1.6265 2.1168 2.1878 2.2165 2.3586 2.3881 2.4897 2.625 
2.0002 2.0637 2.2381 2.306 2.4279 2.4459 2.5061 2.5715 2.6587 
1.7958 1.8435 1.8682 2.1972 2.2864 2.3675 2.5048 2.6108 2.6413 
1.0325 2.2819 2.2947 2.3163 2.3669 2.3868 2.4413 2.4467 2.5114 
1.0514 1.988 2.1528 2.2393 2.5145 2.5429 2.5502 2.5597 2.5744 
1.107 1.737 1.8588 1.9514 1.9759 2.0507 2.0637 2.0793 2.1009 
1.3106 1.4963 1.715 1.8524 1.8841 1.9593 2.0801 2.2829 2.3968 
1.3047 1.7964 1.8783 2.0518 2.2374 2.2791 2.429 2.4633 2.7619 
0.8814 1.6005 1.7402 1.9716 2.2021 2.2615 2.4778 2.5355 2.5361 
1.6219 1.8332 1.927 2.1657 2.1881 2.265 2.374 2.4408 2.5723 
1.7142 1.7158 1.9821 2.3094 2.3656 2.3861 2.4209 2.5992 2.7139 
1.4099 2.2526 2.495 2.7039 2.7186 2.812 2.8374 2.9668 2.986 
1.2706 2.2445 2.6219 2.6901 2.9418 2.953 3.029 3.0367 3.0796 
1.5681 2.2962 2.4117 2.53 2.7623 2.8517 2.9149 3.0002 3.0658 
1.8796 2.2275 2.2563 2.3486 2.5421 2.6949 3.0191 3.0635 3.0867 
1.7736 2.433 2.5364 2.734 2.7867 2.8106 2.9991 3.0062 3.0593 
1.8583 2.6779 2.7792 2.8707 2.8876 2.8969 3.0231 3.0917 3.1705 
1.943 2.4717 2.5432 2.641 2.8476 2.967 2.9882 2.9938 3.1015 
2.0699 2.1942 2.4019 2.5267 2.608 2.6222 2.7203 2.7223 2.9308 
1.6453 2.0281 2.2477 2.2689 2.2772 2.3684 2.444 2.4678 2.5241 
1.7451 1.9056 2.0893 2.1133 2.1885 2.4044 2.4765 2.5299 2.536 
1.1285 1.4833 1.679 1.9427 2.0191 2.0823 2.1577 2.271 2.4759 
0.9804 1.4627 1.6513 1.8052 1.9527 2.0219 2.0811 2.1979 2.4595 
1.0178 1.7153 1.8745 1.9412 2.092 2.1753 2.2554 2.3455 2.4191 
1.096 1.9415 1.9426 2.0385 2.0522 2.3126 2.357 2.3571 2.4275 
1.4152 1.7705 1.8206 2.006 2.0537 2.1108 2.167 2.3017 2.3601 
1.4925 1.7617 1.8608 1.8663 2.0411 2.1958 2.2369 2.3196 2.3752 
1.525 1.7775 1.8073 1.9776 2.0678 2.2071 2.4428 2.4924 2.5365 
1.5204 1.7552 1.8271 1.8695 1.9227 2.0267 2.6822 2.7261 2.7603 
1.5969 1.7385 1.774 1.9911 2.0952 2.3563 2.7689 2.8149 2.8291 
1.5987 1.9093 2.0734 2.0781 2.2596 2.5217 2.665 2.8684 2.8788 
1.203 2.1867 2.1988 2.3152 2.3917 2.3934 2.4042 2.4403 2.4904 
1.5534 2.205 2.2203 2.243 2.2778 2.3203 2.3212 2.3594 2.4006 
1.3365 1.3804 1.7957 1.8753 2.2029 2.2173 2.2215 2.3456 2.4493 
0.7695 1.7786 1.9002 1.9225 1.9823 2.0242 2.1399 2.2116 2.5329 
1.1992 1.6113 1.9389 2.1503 2.3713 2.382 2.3977 2.5063 2.6683 
0.8174 1.6962 1.8394 2.0354 2.2744 2.2872 2.4154 2.4587 2.5429 
1.5923 1.9451 2.0445 2.2017 2.251 2.2689 2.3666 2.3764 2.5127 
1.7497 2.0132 2.034 2.1124 2.2054 2.2993 2.4353 2.4895 2.5559 
1.115 1.9718 2.4438 2.6646 2.6943 2.7729 2.7816 2.9896 2.9915 
1.1837 2.1351 2.2688 2.5019 2.6527 2.8188 2.8689 3.0033 3.0515 
1.7755 1.8445 2.2551 2.4001 2.4323 2.4632 2.6735 3.0212 3.1311 
1.9239 2.0174 2.2166 2.285 2.5687 2.7276 2.773 3.0049 3.0844 
2.1306 2.3499 2.5087 2.6641 2.8466 2.9842 3.1674 3.2145 3.2248 
2.7339 2.8735 2.9572 3.2075 3.3535 3.3878 3.3962 3.5193 3.6577 
2.4691 2.6865 2.9261 3.1644 3.3895 3.4573 3.5541 3.7453 3.8964 
2.1388 2.4461 2.7338 2.7694 2.8551 2.9795 2.9804 3.0976 3.3624 
1.9702 1.9786 2.0003 2.1387 2.2989 2.3214 2.3592 2.4515 2.4534 
1.6271 2.068 2.1092 2.1141 2.2108 2.2309 2.3126 2.3558 2.4335 
1.2905 1.396 1.5576 1.7064 1.9591 2.0904 2.1522 2.2156 2.2255 
1.2352 1.4043 1.4473 1.5387 1.9417 2.0453 2.1239 2.2086 2.3356 
1.1931 1.6339 1.7239 1.7562 1.7602 2.0901 2.3302 2.3975 2.4139 
1.1543 1.7439 1.8725 1.8784 1.9466 2.1378 2.2262 2.3557 2.3571 
1.3943 1.846 1.8651 1.879 1.8916 1.9956 2.0226 2.0382 2.1152 
1.3416 1.6378 1.8443 1.8544 1.9062 1.9327 2.0112 2.0757 2.1012 
1.2039 1.5303 1.5616 2.0732 2.0948 2.4204 2.484 2.5461 2.5754 
1.2565 1.3422 1.5677 2.074 2.3253 2.3456 2.3495 2.5105 2.6704 
1.4055 1.4226 2.2384 2.2524 2.3609 2.5111 2.5201 2.6124 2.803 
1.7522 1.8288 1.9582 2.5421 2.5439 2.5695 2.6269 2.8223 2.8572 
1.3339 2.0828 2.2334 2.2394 2.2999 2.5915 2.6009 2.709 2.7404 
1.4576 1.8682 2.1686 2.2724 2.3026 2.3492 2.4264 2.488 2.4885 
0.9848 1.5894 1.8785 2.0967 2.3032 2.3862 2.5327 2.6652 2.6772 
0.9773 1.7159 1.8732 1.9428 2.0069 2.0303 2.0642 2.1776 2.2449 
0.6889 1.7795 2.011 2.1428 2.2764 2.8736 3.006 3.0158 3.1298 
0.8915 1.4539 1.7443 2.0065 2.2922 2.5865 2.8597 2.9224 2.9475 
1.1458 1.6715 2.0737 2.1837 2.2729 2.3848 2.4853 2.4898 2.5819 
1.3063 1.3502 1.9653 2.0232 2.166 2.2896 2.3819 2.3835 2.5003 
0.9518 1.4784 1.576 1.9032 2.0152 2.0589 2.3286 2.4995 2.548 
0.7031 1.4582 1.5357 2.0544 2.2299 2.382 2.3871 2.4181 2.4509 
1.4492 1.8098 2.0689 2.0783 2.1645 2.2521 2.2914 2.5336 2.6939 
1.8018 1.8359 1.9735 2.2319 2.3177 2.4375 2.5581 2.5789 2.6802 
1.5007 2.2569 2.6254 2.6389 3.1972 3.3535 3.3703 3.3982 3.4517 
2.4666 2.7033 3.6802 3.7711 3.8271 3.9098 3.9883 4.0049 4.0649 
3.0576 3.1672 3.7077 3.8229 4.2432 4.263 4.3312 4.3945 4.6691 
2.639 3.3104 3.3553 3.4224 3.4867 3.5553 3.6716 3.6978 4.1641 
1.8685 2.1096 2.5665 2.596 2.7152 3.0377 3.0753 3.0896 3.1108 
1.3342 2.1726 2.3175 2.6453 2.7365 2.7839 2.8467 2.8699 2.8808 
0.848 1.7594 1.9104 2.0814 2.318 2.4297 2.4648 2.5066 2.5525 
0.9622 1.842 1.9493 2.2301 2.264 2.3044 2.393 2.402 2.5008 
1.1049 1.2969 1.9133 2.1318 2.2075 2.2564 2.4671 2.4734 2.4816 
1.086 1.2746 1.848 2.1819 2.1853 2.3593 2.4826 2.5977 2.6057 
1.0704 1.5655 1.5838 2.3205 2.3507 2.3786 2.3873 2.3973 2.5819 
1.0643 1.5325 1.6159 2.3015 2.3243 2.3493 2.3574 2.4353 2.616 
1.3576 1.8943 1.9034 2.0296 2.2216 2.3154 2.3399 2.5462 2.6606 
0.9723 2.2432 2.2663 2.2765 2.6616 2.6998 2.7085 2.7276 2.7395 
1.4058 1.8335 2.3697 2.4544 2.4642 2.5584 2.5699 2.6382 2.6654 
2.0142 2.0535 2.256 2.4048 2.4367 2.5642 2.6612 2.7334 2.8806 
0.9645 1.8654 1.9958 2.2372 2.3856 2.6447 2.7316 2.768 2.9753 
0.9025 1.6111 1.8816 2.1821 2.289 2.5725 2.5815 2.6775 2.8159 
1.538 1.8734 2.126 2.315 2.3338 2.3359 2.5324 2.7761 3.0042 
1.2216 1.8131 2.1626 2.3624 2.6276 2.6654 2.8598 2.8919 2.8933 
0.8158 1.7085 2.0025 2.2946 2.3388 2.5081 2.9312 3.0537 3.1444 
1.0049 1.1189 1.6837 2.3922 2.5626 2.5846 2.9007 3.0441 3.0448 
1.2278 1.5642 1.619 1.815 2.1099 2.1701 2.3442 2.4254 2.4557 
1.3715 1.4507 1.5575 1.8207 2.1946 2.3836 2.4027 2.4269 2.604 
0.9943 1.1952 1.9007 1.9567 1.9634 2.238 2.6507 2.7162 2.8639 
1.3068 1.3373 1.5295 2.0753 2.4033 2.4864 2.8592 3.0264 3.1257 
1.2402 2.1281 2.2645 2.3532 2.4622 2.4855 2.5831 3.1011 3.2357 
1.5369 2.1223 2.2048 2.3851 2.4967 2.5087 2.7228 2.759 2.9547 
1.7249 2.538 2.5637 2.7021 2.7695 2.7709 2.8382 3.1522 3.1719 
2.2532 2.3512 2.8875 2.9315 2.9417 3.1341 3.2877 3.4032 3.5441 
2.5677 2.7676 2.9418 3.2447 3.4358 3.6418 3.6862 3.8066 3.8325 
2.4917 2.6746 2.8821 2.8957 3.2523 3.3106 3.4032 3.4616 3.5578 
1.9385 2.1892 2.3322 2.4514 2.4742 2.8505 2.8899 2.9715 3.0407 
1.7182 1.8114 2.1408 2.199 2.5414 3.0334 3.0709 3.1681 3.1959 
1.0483 1.5876 1.6178 1.9914 2.2001 2.5572 2.5657 2.9593 3.3953 
1.1859 1.4523 1.7335 1.7687 2.2286 2.3278 2.4159 3.08 3.3402 
0.9442 1.4192 1.5694 1.8238 2.1976 2.2884 2.6974 2.9293 2.9729 
0.795 1.3913 1.7536 1.9164 2.317 2.3525 2.5258 2.9267 2.9408 
0.5241 1.8689 1.916 2.1878 2.2615 2.4068 2.4613 2.624 2.8722 
0.5418 1.8368 1.8904 2.2236 2.2566 2.4092 2.4205 2.5598 2.8371 
1.4751 1.9152 1.9439 2.2893 2.4931 2.508 2.5776 2.6425 2.6547 
1.4156 2.0246 2.2197 2.303 2.6008 2.6973 2.7221 2.7768 2.7968 
1.689 1.7473 2.2327 2.404 2.5865 2.8811 2.9504 3.1246 3.1645 
1.9149 2.154 2.2561 2.2856 2.6035 2.659 2.9685 3.041 3.0713 
1.5762 1.8052 2.2156 2.325 2.375 2.4334 2.4707 2.5568 2.8313 
1.5078 1.7044 2.0349 2.1592 2.2866 2.5091 2.5986 2.7749 2.8716 
1.5541 2.2293 2.2825 2.4544 2.6879 2.7229 2.8424 3.018 3.0274 
1.3449 2.1953 2.2894 2.4319 2.6527 2.7392 2.9506 3.0308 3.0489 
1.4608 1.6712 1.8196 2.2824 2.7093 2.7925 3.1834 3.2149 3.571 
0.6592 1.2324 2.1073 2.4805 2.4845 3.1157 3.3006 3.3927 3.4119 
1.0326 1.3211 1.3489 2.1914 2.5078 2.6979 2.7596 2.8629 3.009 
1.0636 1.4748 1.6158 2.2972 2.3312 2.3355 3.0201 3.06 3.097 
1.0599 1.8139 1.8707 2.3707 2.5252 2.6097 2.6178 2.923 3.0071 
1.3411 1.764 2.0479 2.1164 2.2457 2.4176 2.4673 2.6557 2.7606 
1.3829 1.9049 1.9662 2.267 2.4752 2.4992 2.5555 2.6702 2.8116 
1.4065 1.9319 1.98 2.1367 2.165 2.2701 2.3407 2.6221 2.6497 
1.6155 1.7877 1.8266 1.9602 2.1178 2.3499 2.3735 2.662 2.9112 
1.5224 1.7702 1.9495 1.9784 1.9876 1.9977 2.5275 2.8846 2.8994 
1.3745 1.6273 1.6849 2.1186 2.1912 2.7323 2.7388 2.7824 3.0158 
1.4954 1.5602 1.7003 1.9961 2.1644 2.5559 2.5871 2.7728 2.8745 
1.7124 1.7428 1.9596 2.2032 2.559 2.7355 2.8579 2.958 3.0816 
1.186 1.9562 2.5208 2.682 2.7106 2.7301 2.8316 2.8578 3.0464 
1.3686 1.482 1.6196 2.364 2.6355 2.7214 2.7965 2.9132 2.9752 
1.2159 1.6768 1.9179 2.1844 2.2201 2.3 2.365 2.5511 2.7474 
1.0748 1.6703 1.8118 1.8177 1.8289 2.0218 2.0547 2.1343 2.3341 
1.501 1.5218 1.5826 1.6965 2.0797 2.2563 2.3196 2.3436 2.4691 
0.875 1.705 1.9752 2.0031 2.0869 2.142 2.3157 2.4613 2.4945 
0.9875 1.846 1.8819 1.9062 2.0673 2.0705 2.2848 2.3571 2.396 
1.2342 1.5983 1.7194 1.7702 2.2388 2.3047 2.5118 2.5211 2.5667 
1.3474 1.7517 1.7929 1.9846 2.0313 2.4833 2.555 2.7689 2.8474 
1.0641 1.8833 2.0888 2.0919 2.3999 2.5972 2.7294 2.7526 2.7647 
1.2419 1.7784 1.8818 2.3178 2.5112 2.5541 2.5845 2.7761 2.8336 
1.3613 1.7009 1.9323 2.1526 2.349 2.6787 2.8319 2.9098 2.9467 
1.1822 1.9186 1.9951 2.7039 2.7086 2.9358 2.9528 3.0926 3.1944 
0.7638 1.9316 2.0705 2.5682 2.6351 2.6387 3.4313 3.6881 3.8144 
1.2746 1.7907 2.2858 2.8367 2.9041 3.3698 3.6512 3.6867 3.7299 
0.8836 1.9145 1.9686 2.2693 2.8801 3.24 3.5865 3.7024 3.8447 
0.4464 1.542 2.162 2.2947 2.3334 2.8314 3.5304 3.5614 4.2575 
0.5016 1.7497 1.9034 2.1996 2.3677 3.024 3.3976 3.4737 3.5776 
1.3877 1.4061 1.9524 2.0203 2.5057 3.1003 3.1037 3.2176 3.3158 
1.0601 1.577 1.8499 2.1493 2.3636 2.4857 2.7091 2.7818 3.4593 
1.7768 1.9024 1.9644 2.0343 2.4244 2.4706 2.8025 2.9648 3.1271 
1.5439 2.3166 2.4231 2.5787 2.6182 2.6335 2.6344 2.6943 2.971 
1.6824 1.9601 2.0893 2.3926 2.3958 2.5116 2.6095 2.6199 2.7054 
1.2997 1.5737 1.7235 2.0314 2.2082 2.4856 2.5649 2.5891 2.617 
1.1353 1.3707 1.9396 2.0665 2.3101 2.3872 2.4134 2.4747 2.6608 
0.8808 1.9292 1.9904 2.0469 2.0709 2.4179 2.5468 2.5739 2.7367 
1.0619 1.6834 1.8995 2.1973 2.3542 2.4566 2.6516 2.6617 2.6808 
1.4976 2.038 2.118 2.2196 2.3946 2.4142 2.664 2.8333 3.0014 
1.6859 1.6962 2.1591 2.2824 2.5346 2.8842 3.0364 3.0782 3.4734 
1.0866 1.8358 1.8534 1.902 2.4051 2.4572 2.9923 3.1673 3.3209 
1.1083 1.82 1.8975 2.6809 2.7779 2.7953 2.8782 3.1179 3.2119 
1.3914 1.7448 1.8369 1.8516 2.0127 2.7265 2.732 3.024 3.0675 
1.2144 1.4077 1.9462 2.1153 2.3341 2.4434 2.4607 2.5782 2.7545 
1.3719 1.4498 1.5473 1.9604 2.1303 2.449 2.4563 2.8875 2.8913 
1.3852 1.4651 1.5702 1.9454 2.0785 2.4843 2.6849 2.7965 2.8387 
1.3115 1.9704 2.107 2.1794 2.1952 2.2466 2.2508 2.3061 2.7698 
1.536 1.8433 2.0921 2.1208 2.169 2.2207 2.4452 2.5075 2.5163 
1.4479 1.5439 1.8099 2.1432 2.2107 2.4569 2.5444 2.6212 2.8216 
1.0935 1.5275 1.9228 2.1356 2.1687 2.615 2.6556 2.8797 3.0864 
1.1169 1.9872 2.0752 2.2931 2.513 2.633 3.0556 3.3025 3.6422 
1.4749 1.5093 2.0583 2.7363 2.8129 3.1164 3.2289 3.3292 3.4065 
0.811 1.6649 2.6811 2.8729 2.9344 3.4244 3.9083 4.0097 4.5358 
0.816 1.8487 2.1751 3.2779 3.3033 3.5478 3.5731 3.8354 3.9127 
0.2881 2.239 2.6346 3.0356 3.5225 4.0522 4.0786 4.2555 4.2954 
1.173 1.5171 1.9195 2.2804 2.8699 2.9881 4.0564 4.1909 4.6362 
1.595 2.0506 2.53 3.2009 3.2126 3.315 3.5877 3.8187 4.0115 
1.1746 1.7028 2.4307 2.4475 2.6136 2.8134 2.9659 3.0985 3.468 
1.0777 1.4312 1.5767 2.1808 2.4217 2.454 2.7428 3.1456 3.2847 
1.0466 1.5456 2.1629 2.2604 2.3667 2.4287 2.6381 2.7845 2.9511 
1.2915 1.8098 1.8415 1.9036 2.3298 2.3513 2.3898 2.6995 2.715 
0.9687 1.5015 1.7144 2.208 2.2693 2.3508 2.4015 2.5994 2.5998 
1.2425 1.4842 1.8346 1.8947 1.921 2.3351 2.4306 2.5278 2.6422 
1.4309 1.4526 1.8684 1.9038 2.0459 2.1719 2.5335 2.5882 2.5912 
1.351 1.5922 1.7218 1.8033 1.9358 2.1455 2.4743 2.5215 2.6438 
1.1344 1.471 1.7367 1.7411 2.1553 2.2241 2.2337 2.4437 2.6201 
1.2924 1.3033 1.6266 1.9043 2.2968 2.3045 2.3373 2.4313 2.4426 
0.7156 1.7949 1.828 2.0338 2.0602 2.2121 2.3877 2.549 2.7981 
1.4738 1.6461 2.0695 2.1065 2.2419 2.2729 2.4561 2.6226 2.639 
1.1514 1.4521 1.9852 2.0127 2.0338 2.5488 2.5545 2.5674 2.728 
1.3304 1.3749 1.6224 1.7151 1.8016 2.237 2.3609 2.7037 2.7069 
1.0397 1.432 1.7763 1.8198 1.993 2.0253 2.05 2.3215 2.3391 
1.2539 1.4719 1.8262 1.8947 2.2834 2.2934 2.3135 2.3489 2.423 
0.9343 1.4421 1.6488 1.6571 2.1865 2.1967 2.2955 2.3541 2.4232 
1.1266 1.6891 1.8178 2.0131 2.0733 2.0785 2.1113 2.2315 2.3629 
1.066 1.7586 1.8274 2.0122 2.0588 2.1422 2.2017 2.4303 2.433 
1.25 1.3416 1.508 1.6142 1.7839 2.1432 2.2401 2.3227 2.3293 
0.9641 1.7218 1.8374 1.9407 1.9947 1.9971 2.1555 2.2971 2.4742 
1.1649 1.4269 1.7274 1.9841 2.202 2.245 2.5065 2.5252 2.8403 
0.7278 1.9062 2.0806 2.119 2.4716 2.5247 2.9157 3.0471 3.108 
0.9237 2.3789 2.3824 2.7041 3.3338 4.2303 4.391 4.5899 4.6687 
1.0898 2.1364 2.3064 3.2048 3.7855 3.9329 3.9738 4.6118 5.1075 
0.9364 2.0331 2.6728 3.0152 3.1152 3.1188 3.2145 4.7516 4.9464 
1.1095 1.3692 1.9235 3.2374 3.3677 3.4573 3.4942 4.3354 4.4072 
1.1173 1.4204 2.1943 2.3539 2.5144 2.7896 3.4568 3.7598 4.0955 
0.6735 1.4526 1.8278 2.3137 2.4603 2.6443 2.9347 3.0124 3.0654 
1.2935 1.5543 1.8034 2.0035 2.5 2.5483 2.7527 2.8067 2.8645 
1.037 1.716 2.0102 2.0925 2.1352 2.3761 2.3929 2.6251 2.6491 
1.3178 1.3959 1.414 1.7974 1.9561 2.0463 2.1438 2.3868 2.4458 
1.1689 1.6004 1.6023 1.634 1.9972 2.0076 2.1792 2.2356 2.3424 
1.2106 1.2811 1.9126 2.0326 2.0722 2.1618 2.2226 2.3202 2.4878 
1.2719 1.3 2.0453 2.1225 2.136 2.2135 2.3888 2.48 2.5269 
1.379 1.4253 1.9601 1.9925 2.0921 2.12 2.3189 2.4256 2.4257 
1.1365 1.6737 1.6961 2.2091 2.2212 2.2722 2.4123 2.4126 2.5588 
1.1334 1.5183 1.5295 1.9827 2.0812 2.2552 2.3081 2.4998 2.6706 
0.9989 1.4537 1.7668 1.9942 2.2667 2.3933 2.4267 2.6197 2.75 
1.5672 1.6109 1.6654 2.3613 2.5768 2.61 2.6459 2.6576 2.928 
1.4261 1.9288 1.9299 1.9471 2.433 2.6404 2.6928 2.7051 2.759 
0.9185 1.4721 1.7436 2.0182 2.0337 2.0501 2.3128 2.5041 2.5877 
1.135 1.5528 1.7487 1.783 1.9113 1.9848 2.2267 2.3741 2.4166 
1.1867 1.62 1.6406 1.7272 2.072 2.1783 2.2968 2.394 2.6242 
1.2052 1.3798 1.7978 1.8743 1.8987 1.9898 1.9989 2.4162 2.5444 
1.0354 1.3914 1.9432 2.0241 2.0474 2.0742 2.1741 2.2166 2.2509 
1.2577 1.2802 1.7187 1.9487 2.0247 2.2295 2.2682 2.2731 2.3034 
0.8893 1.282 1.7014 1.9827 2.1423 2.1715 2.1842 2.2919 2.2946 
1.3692 1.4814 1.5188 1.7043 1.8834 2.1113 2.1406 2.1652 2.4656 
0.8839 1.5633 1.7123 1.9052 2.2659 2.4799 2.5746 2.6418 2.6499 
1.3074 1.6453 1.7697 2.1778 2.1948 2.3497 2.7193 2.7769 2.9511 
0.6614 2.2944 2.3635 2.7326 3.5985 3.7544 3.9607 4.1837 4.3636 
0.5369 2.2073 2.2964 2.902 4.0082 4.0107 4.6664 4.8193 5.1312 
1.0949 1.1686 1.9296 2.6403 3.5171 4.0648 4.2489 4.3278 4.6473 
0.3135 2.2942 2.4026 2.5735 2.7339 2.7558 3.9018 4.1412 5.02 
0.6406 1.8673 2.4379 2.6436 2.8295 2.9399 3.0814 3.1195 3.1262 
1.1134 1.7419 1.808 1.8641 2.2892 2.3666 2.6596 2.9592 3.148 
0.9902 1.7751 1.884 2.1625 2.2084 2.4059 2.4384 2.5072 2.5939 
1.4729 1.7926 1.8358 1.9217 2.1225 2.1618 2.261 2.3599 2.4339 
0.8729 1.4394 1.6031 1.8732 1.884 2.0309 2.0545 2.0778 2.0806 
1.1322 1.4141 1.8546 1.8787 1.8956 1.9385 1.9883 2.0165 2.1052 
1.3247 1.4263 1.8832 2.0096 2.1811 2.1911 2.2946 2.3187 2.3265 
1.3749 1.5216 1.855 2.1389 2.223 2.4013 2.4031 2.4086 2.415 
1.3874 1.5276 1.5518 1.881 1.9143 1.9283 2.1767 2.2101 2.2486 
1.485 1.522 1.6886 1.7703 1.9398 1.9693 2.0022 2.0652 2.1532 
0.8885 1.6764 1.7919 1.8144 1.8808 1.9558 2.0138 2.3045 2.5026 
0.933 1.5237 1.5931 1.631 1.8019 1.9601 2.224 2.4535 2.4616 
0.9164 1.3341 2.0204 2.024 2.1014 2.1269 2.1901 2.3049 2.3652 
1.2341 1.4056 1.4575 1.6035 1.7953 1.896 2.0786 2.1807 2.2897 
1.1729 1.7493 1.7936 1.8305 1.9498 1.9629 2.0384 2.1271 2.1273 
1.0927 1.4201 1.6131 1.7581 1.8738 1.9149 2.1163 2.1949 2.311 
1.4514 1.4695 1.5521 1.5801 1.6504 1.7361 1.8612 2.0067 2.0118 
1.2968 1.3136 1.3805 1.8377 1.847 1.8573 1.9132 2.0407 2.266 
0.9018 1.4524 1.675 1.97 2.228 2.2404 2.4291 2.5029 2.7413 
0.8532 1.4938 1.5099 2.1257 2.1313 2.1611 2.339 2.6897 2.9037 
1.4496 1.802 2.0268 2.2738 2.4424 2.4512 2.5382 2.6162 2.6968 
0.9948 1.5777 1.7876 1.8736 1.9827 2.2425 2.3814 2.5086 2.5599 
1.1134 1.1238 1.7595 1.9616 2.4583 2.4593 2.6616 2.7156 2.7221 
0.9401 1.4835 1.8439 2.0576 2.0719 2.0831 2.3504 2.4588 2.7164 
0.8818 1.5264 1.8417 1.9683 2.2375 2.3863 2.5674 3.7599 4.2199 
0.831 2.1032 2.1987 2.3923 2.972 3.1095 3.1924 3.4332 3.5013 
0.4154 1.7147 2.5128 3.1302 3.2839 3.8584 4.1521 4.2546 4.7204 
1.4357 1.5379 1.5979 3.236 3.3578 3.4785 3.6224 3.764 4.599 
1.5408 1.5997 1.9237 1.9519 2.0126 2.201 2.2231 3.1103 3.1169 
0.8822 2.3457 2.5462 2.5817 2.5974 2.6149 2.6907 2.7142 2.7992 
1.7282 1.7986 1.8539 1.9524 1.9552 1.9771 2.0312 2.3736 2.3988 
1.225 1.4177 1.5973 2.1539 2.1789 2.2165 2.3573 2.4163 2.4258 
1.6438 1.6457 1.6899 1.7666 1.8214 1.8251 1.8614 1.9787 2.0002 
1.4785 1.4944 1.54 1.6053 1.6432 1.8045 2.0931 2.1285 2.1293 
1.5588 1.6214 1.8338 1.915 1.9279 1.9293 1.9475 1.9499 2.0534 
1.702 1.7454 1.8234 1.9076 1.9571 1.9757 2.0123 2.0616 2.0662 
1.5946 1.6345 1.7254 1.7322 1.7407 1.9472 2.1853 2.1918 2.2064 
1.3469 1.4762 1.5948 1.7008 1.7288 1.9375 1.9452 2.0373 2.1797 
1.3185 1.4399 1.5388 1.7837 2.131 2.1497 2.2719 2.3364 2.3936 
1.2276 1.416 1.5796 1.6022 1.635 2.0948 2.1402 2.2128 2.2407 
1.4035 1.4811 1.5026 1.5266 1.7878 1.8534 1.948 1.9563 2.3154 
1.1211 1.6291 1.6385 1.7527 1.7565 1.825 1.8441 2.1395 2.2226 
0.8669 1.4078 1.6927 1.7336 1.7556 1.7618 1.9323 1.9961 2.1578 
1.0127 1.2986 1.7398 1.8029 1.8985 1.9521 2.0752 2.2273 2.2416 
1.5209 1.9897 2.0099 2.0161 2.0494 2.2189 2.2522 2.2678 2.3102 
1.3727 1.5928 1.7803 2.0771 2.1882 2.5086 2.5667 2.5772 2.5974 
0.7312 1.6705 1.933 2.0039 2.0455 2.1206 2.2744 2.3803 2.5692 
0.5676 1.6762 2.0733 2.1509 2.1805 2.2051 2.2721 2.2772 2.6279 
1.6639 1.7936 1.8109 1.9835 2.1243 2.1669 2.2409 2.4765 2.7224 
1.1373 1.256 1.77 1.9256 2.2412 2.2483 2.2729 2.3628 2.4369 
1.3657 1.5557 1.6295 1.972 2.0849 2.1638 2.2511 2.5132 2.5356 
1.3285 1.3682 1.762 1.7967 2.0745 2.1599 2.1831 2.2485 2.3229 
0.7645 1.0024 1.4774 2.2634 2.3601 2.8972 2.9623 3.2323 3.6961 
1.3588 1.8263 2.2125 2.2836 2.5946 2.651 3.113 3.5231 3.62 
1.1949 1.5971 2.2898 3.3138 3.323 3.7058 4.1743 4.5321 4.6074 
1.1699 2.2035 2.4408 2.6404 2.9404 3.6099 3.8951 4.1334 4.745 
0.9144 2.0704 2.087 2.104 2.4106 2.4398 2.6015 2.7972 2.8671 
1.1711 1.5044 1.7136 2.1079 2.1511 2.2538 2.8865 2.9584 3.171 
1.5035 1.6792 1.7205 1.7914 1.827 2.0888 2.1794 2.2151 2.5387 
1.1273 2.0621 2.1458 2.1544 2.2064 2.2513 2.2741 2.2875 2.302 
1.1598 1.2759 1.6224 1.7408 2.1433 2.2725 2.287 2.3349 2.4795 
1.5279 1.5954 1.6138 1.8807 1.9639 2.0944 2.1006 2.2683 2.3543 
1.5551 1.7251 1.8121 1.8952 1.9644 1.965 2.082 2.1014 2.1538 
1.6656 1.759 1.8703 1.9003 1.979 2.0238 2.0633 2.1279 2.1689 
1.5409 1.544 1.7941 1.9099 1.915 2.0122 2.0622 2.2046 2.257 
1.5742 1.6306 1.6428 1.7095 1.8464 1.8828 1.9082 2.0933 2.2283 
1.3524 1.3689 1.7189 1.8244 1.9036 1.961 2.0452 2.1023 2.2194 
1.0891 1.5245 1.695 1.8209 1.825 2.0356 2.1672 2.1955 2.3516 
0.9193 1.2799 1.4983 1.7044 1.7723 1.96 2.2141 2.2198 2.5928 
1.1973 1.2962 1.3524 1.6072 1.9436 1.997 2.176 2.4151 2.45 
1.4258 1.6774 1.8353 1.8979 1.9073 2.2355 2.24 2.3406 2.4411 
1.1302 1.7206 1.7698 1.9427 2.164 2.4627 2.4891 2.6773 2.7095 
1.2394 1.5171 1.7179 1.9894 2.0646 2.0679 2.4013 2.4406 2.5025 
0.7192 1.5328 1.9352 1.9971 2.0911 2.4154 2.539 2.6038 2.753 
1.2884 1.4103 2.287 2.4156 2.4704 2.6212 2.6278 2.6802 2.7205 
1.1092 1.6471 2.377 2.4878 2.5608 2.5765 2.615 2.6206 2.6635 
1.0761 1.8275 1.9453 2.1151 2.2842 2.481 2.7003 2.7683 2.8534 
1.1986 1.4725 1.5711 2.0111 2.0549 2.4638 2.5884 2.6161 2.7947 
1.3069 1.3338 1.9243 2.2754 2.4335 2.6759 2.6913 2.8021 2.8243 
1.1142 1.3711 1.9295 2.1466 2.2684 2.3908 2.4513 2.4756 2.5964 
1.1417 1.5186 1.9482 2.5096 2.5523 2.982 3.0152 3.4355 3.9839 
1.0842 1.6543 2.3855 2.4561 2.4875 2.9404 3.6156 3.7067 3.9399 
0.9237 1.89 2.3195 2.6625 3.9148 4.1392 4.5223 5.1335 5.1554 
0.4741 2.6007 2.7792 3.361 3.627 3.9479 4.0305 4.0651 4.0748 
1.2836 1.4089 1.8095 1.9427 2.3307 2.588 2.673 2.6856 2.926 
1.1253 1.2656 1.5474 2.2106 2.2244 2.4418 2.4703 2.861 2.9817 
1.3089 1.9356 1.9379 2.0017 2.0484 2.2053 2.3083 2.3775 2.3887 
1.3466 1.6543 1.7504 1.9435 2.0856 2.156 2.2163 2.4024 2.5805 
1.3953 1.4597 1.5227 1.9195 1.936 2.0212 2.2069 2.2075 2.2151 
1.2126 1.6631 1.7451 1.8146 2.0921 2.2086 2.2283 2.2712 2.4336 
1.5822 1.6394 1.7924 1.9112 1.9135 1.9274 2.1774 2.2926 2.3259 
1.6393 1.667 1.7724 1.7782 1.9176 1.9245 2.186 2.2105 2.3427 
1.2938 1.5555 1.5812 1.6468 1.6833 1.7293 1.8845 1.9251 2.1876 
1.2036 1.5132 1.5508 1.7 1.7825 1.8938 1.9477 1.9523 1.9589 
1.2588 1.5416 1.5428 1.5977 1.7837 1.8695 1.9981 2.0853 2.0999 
1.1684 1.1743 1.2788 1.6914 2.0185 2.0596 2.1814 2.2174 2.421 
1.162 1.1812 1.6303 1.6344 1.8873 1.9197 2.3534 2.3672 2.3842 
1.189 1.2071 1.8076 1.8266 1.9181 1.9911 2.0403 2.0814 2.3102 
1.4288 1.4886 1.502 1.751 1.822 1.9733 2.0423 2.0873 2.1618 
1.0745 1.1998 1.4556 1.8402 1.9415 2.0567 2.0935 2.1529 2.3299 
1.1975 1.4707 1.8768 1.9393 2.0469 2.0652 2.1798 2.2775 2.3873 
1.2584 1.5983 1.6326 1.8635 1.8842 1.9084 2.1943 2.3509 2.5148 
1.1197 1.6986 1.7837 2.032 2.1357 2.2 2.2555 2.3443 2.4269 
0.9617 1.5264 1.7703 1.7848 1.8825 2.1353 2.2131 2.5047 2.56 
0.9304 1.9156 1.9457 2.0763 2.1572 2.5223 2.6025 2.6727 2.7656 
1.541 1.6963 1.9001 1.9868 2.0414 2.0416 2.0535 2.5512 2.6639 
1.4883 1.8284 1.9797 2.0989 2.4264 2.6682 2.7164 2.8203 2.9697 
1.5329 1.6395 1.6633 1.9613 2.4732 2.4985 3.0389 3.2764 3.5429 
0.905 2.3147 2.4391 2.5675 3.2988 3.696 3.9286 4.8117 4.9513 
0.8155 1.8775 2.0389 2.3217 2.9523 3.2978 3.5878 4.1601 4.403 
0.7343 1.6789 2.8475 3.245 3.3196 3.3727 4.8117 4.8527 4.9392 
1.6235 2.2187 2.8492 2.9751 3.2225 3.3029 3.4181 4.2472 5.0109 
0.8752 1.9658 2.0794 2.1349 2.1726 2.4192 2.8238 3.066 3.4727 
0.7043 1.5336 1.9457 2.1835 2.1927 2.4603 2.549 2.7527 2.7602 
1.1938 1.4333 1.6501 2.1909 2.3249 2.5631 2.7481 2.7534 2.785 
1.3841 1.894 1.9145 1.9923 2.2851 2.3415 2.5178 2.6488 2.7003 
1.0069 1.6241 1.9759 2.1428 2.1837 2.2256 2.2849 2.3069 2.519 
1.0335 1.6137 2.2293 2.274 2.321 2.3854 2.4163 2.4257 2.4718 
1.4578 1.8453 1.9256 2.062 2.0941 2.1087 2.1921 2.3707 2.4024 
1.2776 1.8215 1.8447 1.9466 2.0419 2.0739 2.1559 2.1865 2.2007 
1.3528 1.5241 1.6901 1.8281 1.9269 2.1164 2.2034 2.3087 2.3312 
1.2869 1.6574 1.8617 1.8643 2.098 2.1116 2.3213 2.3482 2.5106 
1.429 1.8486 2.0202 2.0776 2.191 2.2895 2.3004 2.5294 2.5591 
1.2124 1.294 1.9002 1.9548 2.4035 2.4361 2.4391 2.4601 2.483 
0.779 1.503 1.9294 2.2932 2.4078 2.4135 2.4311 2.4572 2.4642 
1.1756 1.2744 1.364 1.7248 1.8808 2.0344 2.091 2.2204 2.6847 
0.988 1.506 2.1934 2.2338 2.2502 2.2546 2.2772 2.3955 2.5693 
1.2165 1.594 1.6106 1.7238 1.9206 1.9422 2.5279 2.8032 3.0539 
0.6566 1.8765 2.3922 2.5316 2.6977 2.7826 2.9072 3.0732 3.1614 
0.5254 1.828 2.2719 2.3974 2.6385 2.8296 3.0408 3.0667 3.2077 
1.2451 1.8879 1.8984 2.3032 2.5833 2.9819 3.0744 3.081 3.1647 
1.4651 1.572 2.2425 2.2786 2.6579 3.0724 3.1395 3.2199 3.2874 
1.7113 2.2046 2.2771 2.4245 2.6886 3.1433 3.3735 3.482 3.5726 
1.6721 2.2333 2.5699 2.9764 3.1859 3.3435 3.6873 3.7486 3.8684 
2.4118 2.6352 3.2915 3.46 3.5026 3.7416 3.8187 3.8933 4.1934 
1.9752 2.7582 3.0594 3.2793 3.3026 3.4439 3.4521 3.4723 3.7302 
1.4447 2.1797 2.2405 3.011 3.0309 3.2545 3.8008 4.1589 4.1901 
0.694 1.5753 2.1377 2.3668 2.4381 2.9273 3.7075 3.9999 4.3818 
0.2614 2.022 2.2704 2.5986 3.4464 4.1244 4.5621 4.6206 4.7706 
1.2955 1.8562 2.0391 2.9754 3.2311 3.9829 3.9846 4.2171 4.2457 
1.2055 1.6377 1.8236 2.1002 2.7884 3.0671 3.0768 3.483 4.0367 
0.9553 1.3294 1.8346 2.0986 2.2788 2.4771 2.5593 2.8231 3.0574 
1.4038 1.4891 1.9813 2.2055 2.6397 2.7305 2.732 2.9105 2.9818 
0.8244 2.0019 2.2344 2.4703 2.5502 2.6815 2.844 2.9558 2.957 
1.1992 1.599 1.9719 2.035 2.2644 2.3069 2.3337 2.3816 2.4557 
1.5834 1.7935 1.8082 2.0785 2.227 2.232 2.2696 2.3604 2.4084 
1.3403 1.5066 1.5687 1.7455 2.0117 2.3398 2.3447 2.5015 2.5138 
1.2796 1.3711 1.5225 1.6847 2.0363 2.2459 2.3732 2.4546 2.5474 
1.4123 1.8021 1.8284 2.0461 2.0969 2.104 2.1095 2.1133 2.2408 
1.3466 1.6002 1.9109 1.9887 2.0011 2.1796 2.1809 2.4122 2.4293 
1.1409 1.2908 1.4131 2.0647 2.1349 2.1808 2.3865 2.4597 2.5941 
1.3442 1.5903 1.8941 1.9524 2.1563 2.2234 2.2726 2.3388 2.4616 
1.0513 1.3542 1.7648 1.8006 1.8831 2.0839 2.1117 2.1506 2.2554 
0.9482 1.422 1.7077 1.7739 1.79 1.8003 1.9059 2.2936 2.3547 
0.9741 1.4294 1.5859 1.8827 1.9912 2.0297 2.0465 2.3623 2.4013 
0.9833 1.1828 1.3208 1.9039 2.0247 2.3624 2.3972 2.4052 2.6547 
0.9375 1.075 1.9738 2.142 2.2387 2.3591 2.7317 2.8045 2.8406 
0.8739 1.1469 1.8862 2.1692 2.1769 2.4539 2.6634 2.8059 2.8296 
1.2557 2.0017 2.0646 2.229 2.2435 2.5349 2.5972 2.6321 2.6902 
1.4578 2.0464 2.0482 2.503 2.6602 2.8132 2.8211 2.9142 2.9373 
1.5951 2.2565 2.6964 2.8532 2.9288 2.9726 3.2793 3.3789 3.4192 
1.9813 2.5049 2.6228 2.7704 3.2209 3.2501 3.3175 3.395 3.625 
2.6424 2.9748 2.9776 3.118 3.3159 3.3823 3.6507 3.7239 3.8835 
2.1536 2.2532 2.4907 2.6069 3.3523 3.6383 3.6408 3.6824 3.9342 
1.509 1.7199 1.8343 2.7955 3.0764 3.2223 3.3769 3.7226 3.7949 
1.1575 1.4014 1.8627 2.5981 3.0069 3.0701 3.4619 3.7316 3.9318 
0.7003 1.2308 2.1107 2.5466 2.9086 3.5989 4.0062 4.2297 4.5245 
0.2572 2.4161 2.6646 2.6926 2.7356 3.1072 3.519 3.5768 3.7828 
0.8656 1.0883 2.1293 2.3115 3.0539 3.6004 3.6741 4.1041 4.1352 
0.5724 1.7078 2.5315 3.0029 3.1009 3.2867 3.4042 3.6152 3.6811 
1.0374 1.6259 1.9575 2.3692 2.3727 2.5113 2.7652 3.0068 3.1227 
1.4196 1.4963 1.8033 2.0903 2.2473 2.4327 2.6533 2.9253 2.9912 
1.4077 2.0486 2.1881 2.4447 2.5182 2.6531 2.7439 2.8361 2.9316 
1.8047 1.9338 2.099 2.1355 2.1933 2.2871 2.3911 2.4657 2.797 
1.8143 1.8527 1.899 2.2648 2.3793 2.3794 2.4191 2.4819 2.5513 
1.7102 1.713 2.1332 2.1952 2.3574 2.3844 2.4979 2.5046 2.5685 
1.42 1.542 1.5685 1.7861 1.8035 1.8644 1.9307 2.4149 2.4866 
1.3556 1.6143 1.7098 1.7132 1.7393 1.8321 1.8629 1.9716 2.4953 
1.2734 1.8454 2.0957 2.1522 2.2094 2.6727 2.6844 2.7406 2.8214 
1.3211 1.5301 1.8611 2.2066 2.2678 2.4431 2.4455 2.6492 2.8125 
1.2383 1.2711 1.7114 1.7225 2.0838 2.3064 2.5497 2.8036 2.8851 
0.953 1.2704 1.6859 2.065 2.1737 2.2783 2.4108 2.575 2.7411 
0.8507 1.2207 1.6665 2.0147 2.5373 2.6209 2.7341 2.9351 3.1637 
0.9814 1.4496 1.4649 1.6736 2.1442 2.2811 2.6946 3.0482 3.131 
0.9325 1.4688 1.4768 1.759 1.763 2.051 2.0716 2.3989 2.5854 
1.0019 1.4696 1.5224 1.7593 1.7675 2.1108 2.2833 2.5515 2.5684 
1.2201 1.3522 1.8035 1.9872 2.1851 2.36 2.5429 2.5578 2.9295 
1.3921 1.6482 2.0978 2.2402 2.3836 2.7588 2.7875 2.7987 3.0652 
1.9689 2.2673 2.4007 2.9501 2.9635 3.0334 3.2232 3.3135 3.5463 
1.927 2.6306 2.7229 2.8146 2.8584 3.0746 3.3963 3.729 3.7307 
2.5292 3.1101 3.1695 3.3082 3.4111 3.6199 3.6204 4.0196 4.1027 
2.0668 2.2215 3.0138 3.4604 3.7686 3.8428 4.1852 4.2136 4.2536 
1.0762 2.0776 2.7326 3.2626 3.319 3.4635 3.4937 3.5427 3.8296 
1.6652 1.8619 2.3144 2.8766 3.0063 3.5125 3.5651 4.1975 4.3431 
0.365 2.016 2.1552 2.2605 3.0858 3.7172 3.8294 3.9507 4.1558 
1.0394 1.2956 1.8328 2.3944 2.6173 2.8758 3.3523 3.8708 4.385 
1.0668 1.6519 1.8882 2.16 2.3924 2.4987 2.8265 3.1056 3.5909 
1.0335 1.732 1.8687 2.3611 2.537 2.5492 2.7296 2.9177 3.1604 
1.1695 1.4675 1.6525 1.9196 2.222 2.5126 2.5886 2.6699 2.8719 
1.0039 1.4447 1.7141 1.8796 1.9812 2.0048 2.3409 2.3454 2.7483 
1.1836 1.5255 1.8543 1.8999 2.025 2.0635 2.506 2.6207 2.6765 
1.1626 1.4565 1.855 1.9174 2.2413 2.3988 2.4416 2.6422 2.6522 
1.3962 1.6557 1.7858 2.258 2.5355 2.5521 2.6791 2.7158 2.7851 
1.2895 1.7788 1.9323 2.1685 2.357 2.6033 2.708 2.7239 2.846 
0.8804 1.7937 2.107 2.1523 2.2344 2.3137 2.3383 2.3948 2.4376 
1.1539 1.4968 1.9198 1.9534 2.024 2.1521 2.1771 2.2237 2.2249 
1.3747 1.5161 1.8781 1.9647 2.2066 2.2286 2.3116 2.4872 2.4939 
1.0163 1.4393 1.4685 1.5183 2.1375 2.3392 2.3657 2.4268 2.5696 
0.961 1.722 1.738 1.7708 1.847 1.9625 2.003 2.1206 2.143 
1.3207 1.3558 1.4197 1.6685 1.8931 1.9034 1.934 2.1305 2.4671 
0.8353 1.5102 1.8769 1.9929 2.1884 2.2091 2.5964 2.8115 2.8574 
1.0843 1.5366 1.7557 1.8632 2.2748 2.4309 2.4586 2.6055 2.9713 
0.7858 1.4011 1.5786 1.8555 2.05 2.1212 2.4088 2.433 2.596 
0.867 1.4058 1.7223 1.9007 1.9425 2.1591 2.4706 2.5452 2.661 
1.1278 1.5579 1.7745 1.7932 1.9365 1.9475 2.4314 2.6742 2.7644 
1.2059 1.6624 1.8603 1.9774 1.9847 2.0287 2.5368 2.7098 2.8634 
1.8685 1.9692 2.1291 2.1614 2.1897 2.5287 2.6348 2.6711 3.1025 
1.9103 1.9119 2.1942 2.2967 2.3928 2.5573 2.7335 2.939 2.9559 
1.5468 2.3609 2.4785 2.5115 2.9512 3.2441 3.5022 3.5412 3.5608 
1.6489 2.7026 2.7765 2.7994 2.8834 3.6221 3.7328 3.7695 3.9295 
1.6437 1.7065 2.5859 2.8964 2.9907 3.2203 3.7953 4.0918 4.1036 
1.3453 2.245 2.5107 3.2987 3.681 3.7759 3.9513 3.9569 4.1344 
0.8252 1.1482 1.9175 2.9283 2.9864 3.1967 3.281 3.3816 3.5206 
0.6339 1.9773 2.3995 2.6724 2.7398 2.8105 2.9736 3.1614 3.4186 
1.1285 1.1287 1.9312 2.2002 2.2959 2.5447 2.8886 3.2182 3.4835 
0.8962 1.2258 1.4368 2.2518 2.3213 3.0563 3.2105 3.371 3.4747 
0.7226 1.4877 1.9076 1.9415 2.2651 2.2829 2.8984 3.1241 3.3681 
0.9797 1.4091 1.7229 1.9694 2.1494 2.5925 2.7592 2.9059 2.9698 
1.0846 1.7262 1.7597 1.8163 1.8442 1.9309 2.4892 2.6628 2.6907 
1.0946 1.6465 1.7469 1.908 1.9299 2.0663 2.4399 2.4561 2.5263 
1.382 1.4323 1.6443 1.7298 1.8256 1.8467 2.1593 2.3275 2.3855 
1.3929 1.4422 1.5867 1.7171 1.8619 2.0137 2.2458 2.3154 2.3822 
1.3595 1.697 1.8235 1.8659 1.8974 1.988 2.0569 2.2085 2.31 
1.3545 1.7069 1.821 1.894 1.8958 2.0053 2.083 2.1452 2.2519 
1.3765 1.4371 1.4973 1.8837 2.1101 2.1739 2.382 2.5133 2.5181 
1.1135 1.3816 1.3898 1.9117 2.0227 2.0487 2.2254 2.3858 2.5068 
1.1972 1.5185 1.8806 2.0305 2.1239 2.1599 2.2672 2.4906 2.5882 
1.711 1.8011 1.8153 2.0245 2.2065 2.4046 2.4826 2.8287 2.8949 
1.445 1.8549 1.8678 1.9494 2.0153 2.2576 2.5638 2.5701 2.7894 
1.3723 1.5232 1.6673 2.1681 2.2168 2.3291 2.4684 2.7129 2.7451 
0.9403 1.4692 1.7 2.2362 2.3279 2.3351 2.6133 2.7616 2.8527 
1.0057 1.3623 1.5792 2.1836 2.3855 2.4508 2.7802 2.8142 2.8912 
0.7447 1.5876 2.0926 2.2579 2.2879 2.4864 2.7074 2.7448 3.1323 
0.6188 1.7048 2.0476 2.1026 2.1116 2.5224 2.6561 2.7026 3.0954 
1.1768 1.3957 1.5387 2.2568 2.4081 2.7184 2.8768 2.942 3.1788 
1.3748 1.4005 1.4316 1.9514 2.398 2.4941 2.9562 3.0315 3.1581 
1.1599 2.0225 2.1681 2.2031 2.2321 2.2349 2.4398 2.5357 2.624 
1.3793 1.8277 2.005 2.1239 2.1364 2.4319 2.598 2.7877 2.8224 
0.6527 2.1836 2.4283 2.8308 3.2136 3.2834 3.3461 3.4609 3.6014 
1.7999 2.0112 2.2102 2.609 2.7824 3.2777 3.5501 3.5662 3.6179 
1.0149 1.0481 2.1623 2.7567 2.8913 3.0618 3.1693 3.2573 3.4114 
0.8288 2.0197 2.3642 2.5012 2.7124 2.7383 2.7914 2.9029 3.2654 
0.8694 1.7394 2.1248 2.1761 2.5754 2.5764 2.6267 2.7553 2.8599 
0.6165 1.4316 1.907 2.1732 2.5208 2.575 2.7655 2.8183 2.8346 
0.8231 1.4087 1.4471 1.5608 2.1933 2.566 2.713 2.752 2.7922 
0.5601 1.5468 1.5486 1.8006 2.187 2.2802 2.5775 2.8148 3.0556 
1.0775 1.4484 1.5375 1.9785 2.0074 2.1165 2.4446 2.5284 2.5902 
1.4796 1.5279 1.5768 1.8928 2.0985 2.1171 2.1311 2.1501 2.4776 
1.2814 1.3194 1.6747 1.6975 1.9815 2.1625 2.2597 2.2803 2.4093 
1.2268 1.2655 1.6332 1.7262 2.0438 2.1486 2.2853 2.3279 2.4514 
0.9135 1.596 1.9017 1.9202 1.9987 2.0841 2.1395 2.1784 2.2194 
0.9226 1.6999 1.7565 1.8186 1.993 1.999 2.0855 2.0902 2.1313 
0.8833 1.4468 1.7722 1.8291 2.0008 2.0989 2.1264 2.3754 2.3821 
0.6954 1.5619 1.8964 1.9218 2.0439 2.0463 2.3726 2.4045 2.4521 
0.6448 1.8675 1.9541 2.0088 2.0646 2.3297 2.449 2.4575 2.5641 
1.2282 1.8312 1.9038 1.9783 2.2376 2.239 2.357 2.5137 2.5302 
1.4519 1.671 1.7767 2.0011 2.0145 2.1244 2.252 2.4946 2.5569 
1.5176 1.6889 1.7619 1.8339 2.1332 2.1934 2.2747 2.4309 2.4827 
1.1079 1.7856 1.8022 2.0153 2.0402 2.1344 2.2523 2.3823 2.8396 
1.1244 1.5514 1.6842 1.7698 1.9025 2.1605 2.2424 2.446 2.5161 
1.0086 1.3512 1.4965 1.8076 2.3923 2.4475 2.7253 2.7712 2.8665 
1.0232 1.321 1.3805 1.9265 2.3736 2.5568 2.7576 2.7724 2.8641 
0.8688 1.7034 1.7066 1.873 2.168 2.2733 2.3274 2.3339 2.7722 
0.7642 1.791 1.8965 2.0179 2.1384 2.2179 2.2555 2.3122 2.6967 
1.2148 1.3626 1.6209 1.6305 2.3794 2.3923 2.4016 2.4975 2.747 
1.0703 1.6748 1.8046 2.03 2.3802 2.4169 2.5219 2.6641 2.9053 
1.3674 1.421 2.0836 2.6633 2.9252 2.9573 3.1632 3.3215 3.4747 
1.6476 2.4882 2.5515 2.7243 2.7261 3.2304 3.2489 3.2963 3.442 
0.61 1.8517 2.4051 2.493 2.6292 2.6623 2.675 2.7635 2.8303 
1.3216 1.7714 1.8754 1.9454 2.1 2.4078 2.5973 2.6179 2.7376 
1.2255 1.6074 1.6672 1.9416 1.9767 2.4766 2.7462 2.7711 2.9438 
1.4647 1.4794 1.5328 1.8597 2.0353 2.3353 2.8496 2.8999 2.9389 
1.4079 1.4152 1.5571 1.7579 1.7794 2.1927 2.2736 2.3223 2.3724 
1.0805 1.4099 1.4271 1.8273 2.0822 2.2787 2.4754 2.5953 2.5983 
0.9613 1.6063 1.6817 1.7659 1.9165 2.0238 2.4689 2.8142 2.8337 
1.4342 1.4413 1.5056 2.0388 2.1271 2.2865 2.5003 2.5274 2.747 
0.7288 1.7456 1.9987 2.1687 2.441 2.4541 2.4929 2.5077 2.6152 
0.6627 1.7633 2.078 2.1082 2.3209 2.3742 2.423 2.4296 2.5395 
0.9003 1.3987 1.6724 1.9717 2.014 2.2352 2.291 2.5475 2.6053 
1.0566 1.5503 1.5602 1.9986 2.0811 2.1009 2.3194 2.4675 2.4936 
0.8761 1.3851 1.608 1.9825 2.0557 2.1118 2.2276 2.2409 2.2696 
0.8262 1.3535 1.6887 2.0448 2.0576 2.1068 2.1968 2.2091 2.2403 
0.9302 1.4008 1.615 1.6379 1.9225 2.0303 2.0401 2.1408 2.3782 
1.2538 1.2707 1.4498 1.8048 2.0734 2.2615 2.3319 2.3754 2.4043 
0.7258 1.3235 1.8301 2.0493 2.1366 2.2169 2.2665 2.3537 2.3551 
0.8486 1.4143 1.496 1.6269 1.8021 1.9777 1.9868 2.0939 2.2552 
1.2064 1.2494 1.4602 1.7209 1.8268 1.9185 1.9226 2.1042 2.2092 
1.2818 1.4001 1.7324 1.891 1.902 1.9038 1.9348 2.0423 2.2618 
1.5365 1.7487 1.9044 1.9245 1.9974 1.9976 2.1018 2.1547 2.2474 
1.3707 1.4077 1.7206 1.865 1.9591 2.0353 2.1558 2.1825 2.1966 
0.5828 1.1771 1.9323 2.096 2.3252 2.3578 2.3611 2.3921 2.4529 
0.5186 1.2825 2.045 2.1312 2.3488 2.3895 2.3901 2.4411 2.5409 
1.0637 1.8208 1.9204 2.2046 2.3133 2.3244 2.8635 2.8942 2.9678 
1.334 1.8296 1.8435 2.0711 2.2086 2.5848 2.8493 2.9282 2.9353 
0.74 1.5702 2.1726 2.2041 2.2939 2.5777 2.6149 2.936 3.0647 
1.1645 1.7656 1.9126 2.1833 2.5086 2.6328 2.8998 2.9685 3.0307 
0.5469 2.1004 2.3009 2.597 2.701 2.739 2.7422 2.804 2.9076 
1.3439 1.5704 1.7163 2.1036 2.1185 2.3663 2.377 2.5682 2.8227 
1.3006 1.4186 1.8338 1.9141 1.9325 2.452 2.4681 2.6727 2.6966 
1.3865 1.4413 1.7796 1.832 1.986 2.2371 2.7128 2.764 2.7698 
1.3829 1.4399 1.671 2.0125 2.0578 2.0705 2.1899 2.2278 2.2863 
1.0578 1.6067 1.6342 1.9161 2.086 2.2326 2.2432 2.2759 2.4017 
0.9123 1.3968 1.8197 2.0432 2.0736 2.1977 2.2764 2.5486 2.5944 
1.2207 1.3554 1.6529 2.09 2.1577 2.2763 2.404 2.486 2.6051 
0.971 1.6943 1.8306 1.9296 2.2359 2.241 2.4894 2.6598 2.6793 
0.9017 1.7453 1.7743 1.9574 2.0126 2.3132 2.3178 2.4266 2.5613 
1.2225 1.531 1.6786 1.7786 2.3199 2.4404 2.4723 2.5169 2.5393 
1.467 1.5413 2.0312 2.0624 2.1379 2.3595 2.4116 2.4236 2.4305 
0.7895 1.9754 2.0044 2.064 2.1488 2.1824 2.2265 2.229 2.4367 
0.56 1.7143 2.0059 2.0543 2.0679 2.0952 2.1206 2.1272 2.3409 
0.4704 1.648 1.6966 1.8404 1.9312 2.139 2.1601 2.3771 2.3926 
0.6303 1.5958 1.6203 1.6285 1.6899 2.039 2.082 2.3406 2.3806 
1.0673 1.2887 1.5487 1.5786 1.6537 1.6996 2.1677 2.1972 2.3071 
1.175 1.3899 1.4355 1.6842 1.6888 1.7061 2.0079 2.3068 2.4026 
1.07 1.5702 1.737 1.8266 1.8536 2.0775 2.1095 2.1952 2.3542 
1.4447 1.6042 1.9108 2.0656 2.1125 2.1352 2.1762 2.2445 2.3271 
1.6517 1.7413 1.8816 1.9916 2.0137 2.1911 2.3151 2.4199 2.4336 
1.2257 1.6961 1.7658 1.9571 1.964 2.207 2.2438 2.3042 2.3414 
0.4714 1.4478 1.9206 2.2707 2.2833 2.3716 2.5666 2.5717 2.6118 
0.5078 1.6318 2.1473 2.3438 2.4748 2.4775 2.6229 2.6513 2.751 
1.1719 1.8459 2.1121 2.1217 2.5323 2.5973 2.6384 2.8615 2.9167 
1.4404 1.7956 1.9381 1.9434 2.5006 2.6318 2.6879 2.8465 2.9129 
0.8384 1.3545 1.9809 2.0569 2.2674 2.4458 2.7377 2.9305 2.9424 
1.1716 1.6682 2.0292 2.0999 2.4544 2.5375 2.8662 2.8847 2.9398 
0.9929 1.6907 2.2054 2.2756 2.3571 2.436 2.4583 2.4989 2.5356 
0.6768 1.7663 1.8834 1.9851 2.4815 2.5239 2.7481 2.7488 2.7603 
1.5582 1.7102 1.7532 1.9205 1.9529 2.0389 2.2306 2.4054 2.4196 
1.4531 1.8398 1.9381 2.0469 2.0552 2.0652 2.2153 2.2869 2.3214 
1.1677 1.5963 1.9246 2.2442 2.294 2.3589 2.3616 2.4467 2.4795 
1.3776 1.7116 2.1628 2.1806 2.2058 2.2935 2.3034 2.4056 2.4738 
1.5289 1.7367 1.8035 2.2033 2.2122 2.2163 2.2637 2.3022 2.3364 
1.2654 1.6215 1.6564 2.2118 2.2375 2.2939 2.3034 2.4051 2.4186 
1.1534 1.2334 1.4862 1.9357 2.0096 2.2461 2.2767 2.3114 2.3213 
1.1806 1.2616 1.5282 1.9504 2.1189 2.1484 2.1871 2.2485 2.2561 
0.9605 1.8561 1.9214 1.9678 2.0829 2.2537 2.2861 2.392 2.4015 
1.2601 1.5808 1.8955 2.0951 2.2823 2.4493 2.5267 2.5704 2.6093 
1.2327 1.4355 1.807 2.2232 2.2491 2.5747 2.6179 2.863 2.9141 
1.2028 1.3077 1.5591 2.0178 2.034 2.3729 2.4281 2.6429 2.6746 
1.0399 1.1407 1.6297 1.6681 1.7002 2.1748 2.1879 2.2448 2.4075 
1.0133 1.1321 1.5639 1.8496 1.9468 2.0401 2.0917 2.2863 2.3836 
0.9203 1.361 1.3785 1.7933 1.8919 2.026 2.0593 2.2067 2.2577 
1.1344 1.4603 1.5868 1.7069 1.7695 1.8196 2.1525 2.2362 2.3587 
1.2838 1.4862 1.9175 1.9551 2.0343 2.1005 2.1216 2.5356 2.5999 
1.1962 1.671 2.0822 2.1543 2.3411 2.37 2.4006 2.4674 2.4801 
0.9456 1.8452 2.1372 2.1567 2.2516 2.254 2.2579 2.3824 2.7577 
1.0129 1.6986 1.8324 2.0277 2.0436 2.1378 2.4976 2.5403 2.577 
1.4493 1.5942 1.6177 1.7948 2.061 2.2283 2.2647 2.317 2.4833 
1.2639 1.7218 1.7465 1.8179 2.0572 2.081 2.3239 2.3493 2.4769 
1.2308 2.219 2.5188 2.6964 2.7447 2.9684 3.0324 3.0578 3.0885 
1.147 2.0259 2.4936 2.7156 2.8366 2.8423 2.9325 3.1561 3.185 
1.227 1.4574 1.5422 1.9422 2.1925 2.2385 2.4719 2.4819 2.7574 
1.0793 2.0542 2.1231 2.1551 2.5257 2.6279 2.7081 2.7334 2.7404 
1.1828 1.4804 2.0105 2.212 2.2405 2.298 2.3391 2.394 2.654 
0.4905 1.6633 1.7157 2.1984 2.2112 2.5596 2.6066 2.6142 2.6591 
1.4813 1.6018 1.7182 1.8536 2.1219 2.2716 2.2761 2.2979 2.3324 
1.5805 1.7982 1.9692 1.9842 2.0471 2.0856 2.1129 2.2613 2.2674 
1.3048 1.7775 1.8395 2.0163 2.3756 2.4014 2.4172 2.5585 2.5674 
1.7352 1.8388 1.8667 2.1018 2.1359 2.4502 2.4634 2.5223 2.6539 
1.5163 1.9022 2.0085 2.1847 2.2169 2.3821 2.4269 2.6883 2.8133 
1.5563 1.9144 1.9673 2.0129 2.2435 2.2715 2.3696 2.3941 2.452 
1.2778 1.5262 1.6435 1.7741 1.8377 2.3667 2.3789 2.381 2.5097 
1.3519 1.4751 1.5046 1.7291 1.9993 2.117 2.1476 2.3269 2.3677 
1.1175 1.7556 1.872 2.0413 2.0694 2.1232 2.1437 2.2306 2.4214 
1.3168 1.7765 1.78 1.9579 1.9717 2.1843 2.3401 2.3443 2.6336 
1.3952 1.4738 1.6699 1.8486 2.271 2.3693 2.4202 2.6037 2.8941 
1.3026 1.5212 1.5496 1.695 2.1387 2.2624 2.3226 2.4898 2.6752 
1.1872 1.2262 1.5406 1.7514 1.9039 2.0126 2.0371 2.3067 2.3474 
1.2063 1.2262 1.4485 1.8326 2.0393 2.1045 2.1552 2.2468 2.3481 
1.1003 1.2269 1.4951 1.5314 1.9712 2.0424 2.1143 2.3252 2.4051 
1.2575 1.4949 1.6167 1.6609 1.722 1.9616 2.0382 2.4973 2.5683 
1.5385 1.5749 1.916 1.9358 2.0781 2.0821 2.1388 2.3688 2.5598 
1.5107 1.6826 2.1167 2.2823 2.3029 2.332 2.3725 2.5167 2.7185 
1.1834 1.743 2.0652 2.1526 2.1713 2.2781 2.2948 2.5176 2.6696 
1.2896 1.7042 1.8699 1.8821 2.0672 2.2366 2.4876 2.5338 2.5465 
1.3127 1.7416 1.8979 2.006 2.0161 2.185 2.2416 2.3382 2.3557 
1.2726 1.7158 1.8615 2.012 2.2828 2.3316 2.3542 2.4506 2.4927 
1.4003 2.3107 2.4984 2.7094 2.9146 3.0028 3.0498 3.0922 3.1454 
1.3397 2.2843 2.7086 2.754 2.8424 2.9568 3.0078 3.0648 3.2185 
1.3167 1.5943 1.8059 2.0357 2.0463 2.2353 2.3999 2.5065 2.7006 
0.9493 2.0426 2.3545 2.4213 2.6742 2.7984 2.8021 2.8832 2.887 
1.6621 1.9111 1.9292 2.079 2.1573 2.1909 2.3319 2.3883 2.4323 
1.3348 1.6845 1.8194 2.1114 2.2624 2.5323 2.5753 2.697 2.8071 
1.3324 1.3401 1.3699 1.6359 1.9527 2.3505 2.353 2.4131 2.4424 
1.1643 1.3435 1.8024 1.8417 1.9705 2.1674 2.2091 2.3238 2.3953 
1.1775 1.4776 1.6723 1.8136 2.0403 2.0433 2.0858 2.2603 2.3066 
1.3019 1.7184 2.0656 2.0825 2.3727 2.4333 2.4604 2.4809 2.4889 
1.5281 1.7385 1.8362 2.2215 2.2242 2.3608 2.4002 2.473 2.5048 
1.2173 1.8904 1.8958 1.897 1.9364 2.1934 2.2854 2.3493 2.44 
0.7683 1.5038 1.789 1.9485 2.0287 2.0516 2.188 2.2659 2.2732 
0.981 1.2386 1.525 1.9039 1.997 2.05 2.0866 2.2109 2.2382 
1.004 1.3452 1.5222 1.9233 2.0731 2.0886 2.1571 2.2379 2.3656 
0.8473 1.524 1.6521 1.7375 1.9749 2.1436 2.1889 2.3696 2.386 
0.6696 1.7696 1.9531 2.0614 2.2261 2.3187 2.4799 2.5444 2.6773 
0.5899 1.9362 1.9646 2.1229 2.1468 2.268 2.4671 2.5654 2.6103 
0.7749 1.9784 2.0068 2.0381 2.1341 2.192 2.4163 2.4523 2.6188 
1.0034 1.9588 1.9619 2.0173 2.1607 2.2314 2.3692 2.5286 2.6145 
1.3719 1.5595 1.8198 1.8749 2.074 2.2285 2.2811 2.2974 2.4217 
1.2773 1.4757 1.7897 1.8783 2.0448 2.0913 2.2914 2.3171 2.453 
0.8284 1.6051 1.8357 1.9716 2.0157 2.2186 2.3496 2.4019 2.4065 
0.6974 1.5053 1.8554 1.9609 2.0071 2.1791 2.2997 2.5264 2.5693 
0.7784 1.681 1.7763 1.9339 1.9502 1.9971 1.9983 2.1968 2.3881 
1.1789 1.6135 1.9044 1.9264 2.0113 2.0367 2.0835 2.2101 2.3469 
0.9966 1.6443 1.8528 1.9125 1.9181 2.0994 2.1988 2.2828 2.2993 
0.6761 1.5702 1.9078 1.9112 1.9602 2.0184 2.1338 2.1783 2.2934 
1.3133 1.3841 1.6088 1.8461 2.0349 2.1991 2.3481 2.5669 2.7409 
1.2431 1.4981 1.8092 1.8543 1.9623 2.1823 2.3783 2.6963 2.8279 
0.6948 2.1352 2.3129 2.4682 2.503 2.5152 2.5153 2.703 3.0499 
1.0866 1.4747 2.3429 2.3871 2.6621 2.8452 2.8782 2.8789 2.9206 
1.1192 1.5102 2.1228 2.1672 2.374 2.4367 2.4813 2.6746 2.7003 
1.6234 1.8018 2.0072 2.1293 2.1316 2.1448 2.364 2.3977 2.4211 
1.3129 1.3225 1.8174 2.0381 2.1568 2.2055 2.2535 2.2759 2.2983 
1.3167 1.5301 1.6627 2.0752 2.1042 2.1116 2.144 2.2521 2.2718 
1.1337 1.2296 1.6395 1.6506 1.9967 2.1929 2.2561 2.4946 2.5292 
1.2804 1.6374 1.6452 2.0223 2.1169 2.5871 2.6032 2.6094 2.719 
1.0161 1.6205 1.6375 2.1273 2.1512 2.4025 2.4099 2.5195 2.6789 
1.0283 1.1891 1.7437 1.8208 1.9669 1.9683 2.5366 2.5803 2.6173 
1.2266 1.4258 1.5072 1.5961 1.5998 2.0961 2.2308 2.286 2.3945 
1.1962 1.3632 1.4397 1.4494 1.784 2.032 2.0509 2.3047 2.3061 
1.4636 1.4709 1.7735 1.8238 1.8354 1.9524 2.036 2.1979 2.3242 
1.4526 1.5526 1.7526 1.796 1.8727 1.9201 2.1331 2.228 2.3648 
1.6381 1.7302 1.7653 1.7874 2.1378 2.1659 2.3285 2.4366 2.4954 
1.6269 1.6556 1.7993 1.8711 2.1146 2.2099 2.2939 2.5054 2.6194 
1.5432 1.6762 1.7361 1.9566 2.1164 2.1626 2.2321 2.4665 2.5874 
1.4988 1.6495 1.8637 1.9853 2.0866 2.1697 2.2552 2.3703 2.5646 
1.3316 1.5699 1.6732 1.8238 1.9575 2.0968 2.1955 2.2798 2.4106 
1.3678 1.5558 1.6249 1.8726 1.9602 2.0171 2.3155 2.3331 2.3683 
1.5353 1.5406 1.6081 1.636 1.7994 1.9232 2.2015 2.3043 2.5214 
1.4977 1.5194 1.5511 1.732 1.8109 1.9022 2.186 2.2126 2.4818 
1.2683 1.471 1.628 1.7034 1.7777 1.9299 2.1668 2.2187 2.4066 
1.2278 1.6632 1.6882 1.7176 1.7302 2.0114 2.2395 2.2935 2.3437 
0.8454 1.6161 1.9312 2.0752 2.0966 2.2562 2.3521 2.3575 2.4109 
0.8797 1.4967 1.9578 2.0273 2.1079 2.2995 2.3429 2.3994 2.4688 
0.5482 2.147 2.225 2.5635 2.6662 2.703 2.7512 2.8166 2.8288 
0.4464 2.0411 2.431 2.4486 2.5711 2.7589 2.769 2.8066 2.8297 
0.9493 1.51 2.3492 2.3514 2.5057 2.7959 2.8182 2.9038 2.9659 
1.2481 1.7379 2.2035 2.5601 2.8204 2.8902 3.0197 3.0213 3.0217 
